1122.37  78 101000111000100110000100001010010000001110000101101100111011010000100100000010
1213.44  78 100110001000010000000111001000100000001001110111111110111011110110001100000001
1209.37  78 000000001001000011100100111010100000001100100110011011101100011101000010000100
1267.44  78 101101011011001110100100001011100001000100001100001011110111000001101010000001
1297.42  78 101011001000011110100000001101100001000101111100111010010011001000101100000001
1268.36  78 000110111010000010100101001001010000001011010000100010001001011110001100001000
1207.31  78 000001100010100100110100001000100001000000001010010000001011010110101010000001
1391.27  78 000001000010100000000000000000100010000111001100011001000111000001101010000100
1278.4  78 000000011000101000100110001010100000100111111100101110000111100000111100000001
1205.41  78 111100010010001100100101000000100000001100101111110010101100010110101100010000
1211.37  78 000010110010101001000100011011010000001100001011000011000011110010101100000100
1369.38  78 101101101010111000100010010000010000010000001100001110011011110000101100000001
1205.4  78 100100011000011000100100111010100000010010000010000011110101111011101010000010
1286.4  78 100111011010000010110100001010100001000000001101110101100011100111000010010000
1235.4  78 011001001010010100100100011010100000001110001111110010000111100010100100000001
1081.38  78 000110101011000000011111111011100010000001000010000001101001000111001001001000
1296.41  78 011000111011100010101101111010100000100001001100101000000101001000111100000100
1279.4  78 100101100010100100100101111010100000001111111100001011001100001000000100000100
1121.37  78 001001000001100000100101001010100000001101101001001111100110111000001001001000
1229.32  78 000011000000100000100100001000100000010101000010001100010110110111101010000001
1197.38  78 101001011010010000100100001001100010000001110101100000011001111001101010000001
1242.33  78 000000001001000000100011000000010000010011010011001010010111110110101010000001
1302.36  78 100110000011100001101101001000010000001111000100001110000110101000001100010000
1221.42  78 111101010110000011100100111010100000010010011100000010100001110110101100000010
1283.41  78 000100101000100100100111111010100000001010001001111010110001011010101010000100
1107.41  78 100110001010000111100110001011010010000110000101101100111011010000100010000100
1235.35  78 100101000000100110101100000000100001000011000011111000110001000110101100001000
1268.44  78 100110000110100101100101111010100010000110010100101011001010010110011010000001
1269.36  78 100100010010000100100010001011010000001100001100001011110111000001101100010000
1276.4  78 010100000010101000100100001000100000001011001011101001011111110110101100000001
1219.32  78 001100100011000000100101001000100000010011010000100010001001011110001100000100
1362.26  78 000000000010000010000000000000000110000001000000001111011100101110101010000001
1256.29  78 000000010011100000100100111010100010000111010000100000010011000001000010010000
1300.28  78 000000001000000000000000001010100000001101000110101111100000110000111100001000
1109.45  78 100111111011100101100101001010100010000101010011000010111101100000110001001000
1196.56  78 111111100111100111100111111010010001000001110010110010111001110110111010010000
1363.28  78 010001000010001000100000000000100001000000001100001110011011110000101100000001
1248.31  78 100111001011000000100100001000100001000100101010010010100000101000001010001000
1320.36  78 100011111001100101100111010000100001000001000010001000001100100010101100001000
1402.31  78 000000000010000010000000000000000110000101101011110000111100111010101010000001
1288.42  78 000100101010110111100101111010100000001111000001001010111001100100001100010000
1295.42  78 010100010010110000000110110000100000001011101110111001000111101110101100000001
1263.4  78 110000101000000110100101001000100000010011111100101010110101010001101100001000
1252.4  78 100010000100010110110100010011100000100100111100100110100011010010101100000001
1241.46  78 001100001011000011100101111010010000010101000001110011001111101111101010010000
1282.38  78 110110100000101011100101001010100000100111001100100011100000001001100100000001
1236.44  78 110000010110101100100101111010100000010101100110110110010001001100101010010000
1208.35  78 001111001001000000100100001010100000010000001011100111001100101110000010010000
1268.44  78 000111101011100110100100111101010000001010011100000010100001110110101010000001
1277.37  78 010001001010100000010100110010010000001110100100111011001111100000100100000010
1214.33  78 000000000000001010000000000010000100010111001111101011110001011010101100000100
1231.35  78 000110100000100100100100001010100000100110001010100011000100101010111000110000
1316.51  78 001101011011000111101001111011100000001111101101101110110001100001101100000001
1267.35  78 100100011010000111100100001010100000100010010100100010100010110100001010001000
1384.35  78 000000011010101010100101110101010010000000110010000001111001000000101010000100
1289.32  78 000001101000100010000101111010100000010000101001100000010100100100101010001000
1196.5  78 010010010110100111101101111000010000001011111001101111011111011000001010000001
1292.36  78 110010011000001001100001111001010000001001110100100110000010000110001010000001
1195.4  78 100100011011100100010110001010100000010010111000111000010011001000111001000001
1232.38  78 000000010010000000100101111010100000010100101111110010101100010110101100010000
1237.4  78 001100001100100000100100111000100010000010111110011001011001010110101010001000
1362.35  78 010001010010000010000010110101010010000000001100001110011011110000101100010000
1280.35  78 100100010110100011100100101000100001000000000100101010000111100100101100001000
1248.45  78 010101101010001101010110000110100010000001111011110010101111011000100100000001
1156.33  78 000110001000000101000001001010100010000000110111000100001110011101010001001000
1239.41  78 000011111001000000100100111100100000001100010100101111101110011000101010000001
1337.26  78 000000000010000000001000000000000101000001101100110100101001010010101100010000
1202.41  78 000011001010010100100101111010100000010111011001110011100010100000101000110000
1079.4  78 000110001010010010010101001010100000010011011001010000001101111111100001000001
1234.46  78 100001000011100100100111111010100000010110000111101000111101100110111000101000
1063.46  78 111001111011100111000101001000010000010000011010110100001100111110111001010000
1222.38  78 100001000011100000100101001010100010000101011110110100001010001110110010001000
1317.32  78 000010001000100110000111001000100000001111000100001110000110101000001100000100
1348.26  78 000000000000000010000010100000000110000010011100000010100001110110101100000001
1074.33  78 000000000001101001000001001010100010000100001110100101101000110111100001001000
1230.38  78 110110111001001011100110111010100000100000100011000010000010111000000000100100
1207.42  78 000010010000100000100100111000100000010001110111111110111011110110001010000001
1130.49  78 110110111001111100000111001010010000010111001101001110101100011110001001010000
1264.46  78 110110001100100001100011001010010000010101011101111000011010110111011010010000
1278.55  78 110111111010011110110100001111010000010011001011101001011111110110101010000100
1101.35  78 100001011000100101000000111010100000010011010000100010001001011110001001000001
1269.29  78 000101001010100000000100001100100000100000001010010000001011010110101100000100
1259.46  78 111001010000100000100101111010100000001101111110000010111110101011101010000010
1243.47  78 110110011010000111100110111000100000100110111010100001100110110110101010000010
1257.29  78 000010000000000010000000010000000100100001110000110011110011001110101100000010
1365.42  78 011101001011111100101010111000010000010000001001101001101100010001101100010000
1361.33  78 010101001010101000100010000000010000010000001100001110011011110000101100000010
1290.24  78 000000000010000010000000000000000101000011011000100110010001100010101100010000
1239.45  78 010101101010100001110111000010010010000001111011110010101111011000100100010000
1260.22  78 000000010000000001000000000000000100100110011100001010000000011000101100000010
1214.35  78 000000010000000100000101011000100010000111101100101100101011011010001100010000
1296.37  78 011011101011001010110111001010010000100100001000111001000000000001100010000010
1169.45  78 000011110001101000100101001010100000010111111101100100011110111100001001010000
1223.46  78 000000110001100000100111111010010000001110110000111110110101101111101010010000
1218.38  78 000110001011010100100100001010010000001010010011011011110100011001010001010000
1199.36  78 100101111010010100000001001010100000010111001100100011100000001001100001000001
1121.33  78 000000001001000000010100111010100001000000111010000011101110110100010001000100
1300.4  78 100010011110101100000101111001010000010111000100001110000110101000001010000010
1310.28  78 010000010010000000100000000001010000001010011100000010100001110110101100000010
1262.42  78 010001000001101110101100011011100000100010001001111010110001011010101100000100
1274.27  78 000000010100100101101000001000100000010001001010100010010010000000101100000010
1227.27  78 000000010000100011100100001010100001000000101000110101010000000001100010000100
1132.33  78 000110111011010000100101000000100001000011011000001001010010001000101010000001
1308.37  78 100101010000100010100110001000100010000110100100100010011001110110101100001000
1212.42  78 100010100110010001010100001011010000100101001010111111101011010000101100010000
1239.42  78 101100000010010110100101001010010000010001110110011010011111001110100010000001
1324.42  78 001100011000000101110101001001010000100100011000111011111010010110101100000010
1224.29  78 100100000010000001100100001000100000100100011111000000101010010000101100001000
1380.26  78 000000000010001000000000000000010010000111001110001000001111001000101100000100
1192.42  78 111100110010110011100101001000100001000111000001100010001111111000001010001000
1160.37  78 001111001001001100100100000000100000100000000001001011110111100111101010001000
1320.46  78 111100011011100110110000111111100000010000101100000110000111111000101100010000
1246.38  78 000110100010000111100101111000100000100011000000011010111110000110001100001000
1154.33  78 000000010000001011100101000000100010000011100111100011000110101000101010001000
1346.42  78 001101001010101010101010011000100010000111101001111010010001001010101100000010
1307.42  78 111001011000110100110110000000100000001111101001000011001111101000101100000100
1260.36  78 000111011010010111100110100010100010000010000000011010000001011100100100010000
1263.38  78 001100001000000011100101001010100000001010111011110101110000000110101000101000
1314.41  78 101001011010110000010001001000010000010111011110000001100011101110101100010000
1344.42  78 000111111000100010000101111001100000100001001010111010000100101111101100000010
1298.47  78 100101010010101010100101001010010000001110101111111011111100010110100010000001
1297.32  78 110100010100000000100100011000100010000010011001101011011000000010001010000001
1065.38  78 100111001010000101100101111000100010000010000101110000101000110011001001001000
1231.4  78 110110000011100000100100111010100000100100101011110001100000001011101000110000
1047.38  78 100101001011111001111100001000100010000011000001100100011001000100101001001000
1259.31  78 110001100101010010000101001000010000100001001010100010010010000000101010000010
1233.38  78 100110001000110111100101101010100001000000010110101100001001000100101100001000
1193.44  78 100101000010000010010100001010100010000101111001111110110111010111010001010000
1298.44  78 011111110001110010100100001010010000001110100100100010011001110110101100001000
1436.27  78 000000000000000000000001010000001010000110101001000110110000110110101100000100
1410.27  78 000000000010000010000000000000000110000101111011000000010110110010101010000010
1302.4  78 100010001010000101010100110000100001000100011000111011111010010110101100000010
1061.36  78 100111110010100101001111001000010000010000010110000101101000100000001001010000
1380.26  78 000000000010001000000000000000010000100111001110001000001111001000101100000001
1267.44  78 000011010011101000100101001010100000001110111001111001001100111010101010001000
1406.35  78 000000001000100000001000110000010000001111111010001101110001001110101100000010
1260.4  78 010010001000111100100101000011100001000001011000101111101000010110101010000100
1258.37  78 011110000011100000100101001010100000010011000000011010111110000110001010010000
1274.44  78 000101001000111100100100111001100000010000111101000011111110011001101100000001
1246.42  78 100001000110100100100101111010100000010101111110101001011001110010000010000001
1274.33  78 000000011000001000100100001000100000010000110000011110110100111110101010000001
1252.32  78 000000010000101000100101001010100000010010000001110101111010000010101100001000
1237.42  78 010110111000111100100101001010100000100100101100001000101001111100110001000100
1310.4  78 110010011010110000000101000000010000001111011110000001100011101110101100010000
1324.5  78 000011101011110100111111111011100000001110001110001100011011011001001100001000
1359.26  78 000000000000000000000100010000001000100110011010101011110000000010101100000100
1245.32  78 001100000000100000100101001010100000001110011000010011000010000110111010000001
1182.38  78 000000010010000011100101001010010000010101101101011101001011001000111010010000
1230.41  78 000000001001000011100100111010100000100000111101111010110111110001100010000100
1207.41  78 110110001001001000100110001011100000010110101000111001110101011000001010000010
1221.35  78 001101110101110100100100001100010010000001001010100010010010000000101010010000
1213.33  78 001001110000100100100101111010100000100110000001100001101100010000000010001000
1235.35  78 001110010010010000100101001011010001000001000010100010011110000001101010010000
1311.44  78 100100101011101110000101001010100000100101101001010100011111101000011010001000
1225.37  78 001001100000100111100101111000100000100111110000000010010110000001101010000100
1095.36  78 101101001001100100000100001010100010000100001111000001101001011000011001001000
1263.41  78 100011000000110001100100111000100000100100011000111011111010010110101100000100
1229.46  78 000111101000100111000111001010100010000011110011100110110010111000111001010000
1317.46  78 101100011010101110000101001010100001000001110111110010111010110000111000110000
1224.33  78 000000101001001000100101001010100001000101010011011110000011001000001000110000
1298.32  78 000001001000100000100100001000100000010000000001001011110111100111101100001000
1383.35  78 101010001000100001000000000000100001000100110010110110001111111000101100000010
1232.36  78 011000000000100100100101001010100000001011011100101000110011001110001010000100
1386.36  78 010101001000000010000110110000010000001011100111100011000110101000101100000010
1345.41  78 001100101000101010101001011000010001000111101001111010010001001010101100010000
1309.51  78 100101111010001011110111111011100000010111101001000011001111101000101100000100
1353.31  78 000000101000000010000000010000000100010101001100111110100100011001101100000100
1202.45  78 010100111000000100100101111010100000010000111111110001111100101001101001000001
1299.45  78 110100011110100010100101001000010000001010001101111111110001101110001100010000
1410.26  78 000100000000000000010000000000000100100000101110001111011001100000101100000010
1274.36  78 100001100010100100100101001010100000010101100011000000101011101000011000100010
1264.41  78 001111111011000101100000001010100000001101010000110110110010000011101000110000
1153.32  78 100001011000011000100101001010100000001101000010100000100010011001100010000001
1205.37  78 010010010110100111100110001010010000010001101000100001000111011000100010000100
1136.35  78 100100100011000101100100001010100001000101001001101011000010101000100100010000
1226.38  78 001111010000011111100111111000100000001001001010100010010010000000101100000001
1213.31  78 101101010010000000100101001010100001000110000001100001101100010000000010001000
1143.35  78 000100100001101100100101110001100010000011011000001001010010001000101100001000
1298.37  78 010000000001011110100000001011010001000110100100100010011001110110101100010000
1151.35  78 000110000000101100000101001010100010000110001010101000111001111010000001001000
1243.49  78 100111010100111010100111000010010000001111101100101110010111110110100100010000
1311.41  78 000011001000100101010100011100010010000100011000111011111010010110101010000001
1406.32  78 010001000010001010000000101010010010000010000000101110000101111001101100001000
1281.35  78 000001101001100001100100001000100000100111001110001000001111001000101100000100
1198.35  78 000000001001000000100100001010100000001010111110101101110100001010101010000010
1389.38  78 101100000000100010100001111001100000100000000001001011110111100111101100000001
1274.45  78 110111101000101101100101111000010000001010010111111010001010010000101100010000
1123.35  78 000000001001000001100100111010100000001000001110100100111001010011011001000001
1160.54  78 111111111111101110010101001010010000001000111101000011111110011001101001010000
1340.41  78 110100101010101010100000011000010000100111101001111010010001001010101100001000
1311.41  78 011101100010100011100001001011100000001010001101111110011000010000101100000001
1203.29  78 000000001000010100000101001011100001000000011000100000101011001001101010000001
1219.38  78 110001001001100000100110001000100000100010111011110101110000000110101100001000
1165.42  78 010100011001100101010101001010100010000111000101111111001000001110100001000010
1294.36  78 000110001010000110000100001010100000100110010001101001100111111000001010010000
1359.26  78 000000000000000000000100000010001000001110011010101011110000000010101100000001
1311.41  78 000101101001100100100100010000100000001000101111111011101101100010101100000001
1195.41  78 000000011010010000100101111010100001000101101101011101001011001000111010000100
1244.38  78 001001011000000011100101001010100000010000110010101000010001011111111010000100
1256.31  78 000000000000100100100100001010100000100110010010110000010011110010101010000010
1139.42  78 100100011111111001100001111010100000010001000100011011011001100001001001000010
1294.44  78 100011001000111110000101001010100000010101100010111010011001110110011100000010
1367.45  78 110011001110100110101010001010100010000110101100101011000111000111001000101000
1247.38  78 001100010011101000100100111000100000001010010111110000010001101001101100000100
1275.36  78 000001111000001111100100111000100000010010001001101011000000010001101100001000
1131.38  78 100100010000101000000101001010100010000100010110111010101101010111100001001000
1131.42  78 110011011101101111000100111010010000010000000011011000111001100001001001010000
1169.44  78 100000001110001101000101001000010000001111111100100101111011111000101100000100
1048.49  78 111110011011100001010001001011100001000111011110100110111000100011101001000010
1138.37  78 000000010000100101100100111010100010000000111101001011110010010000111001010000
1086.46  78 100001011101100001110111111010010000010111110000001111011110001000001001010000
1369.37  78 011000100010100000101000001010100000100001111010001010010101100111101100000001
1069.45  78 000110101011000000011111111011100010000110001010100100001001011110111001001000
1254.33  78 100100001010000010110100001000100000010101000000001100011011000111101010000001
1191.38  78 000011011000011000100101001010010000001111101110010010110110101000000010000100
1244.47  78 010010001000000011100101001010100000001111110101101111101111110101101010010000
1317.38  78 010100001010100000100100110010010000001000101110110010101101110010101100000010
1037.35  78 000000111000000001010110111011010000010001000100100011101001100000101001001000
1297.27  78 000000000000001010000000010000000101000110010100001010101111010000101100000010
1334.45  78 011101011110101000000011111010100001000010000111101000110100111010101100000010
1285.29  78 010000000000000000010100000000100000010001101100100001100011111110101100000001
1391.4  78 000011100010101010001100100110010000001000001110111000101101001110101100000001
1133.35  78 000000001011000100000101001010100000010000001011111010101101000011101001000001
1117.38  78 100100010011000110100101111010100000100110000001001010010011110000101100000010
1129.37  78 100101001000000100010110001010100001000001110010010100010110111010101001000100
1131.36  78 100100011000000101100100001010100010000111011100001000101001111000100001001000
1193.31  78 010101000000011000001101001000100010000010011000100111000011000000101100000100
1259.42  78 110101101010011001100111001000100001000010001100110111001110001000101100010000
1310.32  78 100100101010100100000001001010100010000101010110000010100001001000101010010000
1364.27  78 101000001001101000100000000000100010000101001010000000011000110000101010000001
1256.32  78 000000011000000001100000001010100000010111000010000010110010111011101010001000
1138.41  78 111100010000100101100100111010100000100000111000111100000110100011011001000100
1370.24  78 010010001000000000000000000000100000001110001101001000000100100110101100000010
1147.32  78 110000010000100000010011001010100010000100001100001000111001000111100001001000
1119.37  78 100111010100101000100100001010100000001110110000111010000101001001100100001000
1138.35  78 000110110000100000000101111010100000010010000001111000101000110010101001000001
1344.44  78 001111111010100010011101001010100000001010010001100011110010000111101010010000
1196.35  78 011011001100100000100101001000100000010110001010000110000111000110001100010000
1154.36  78 000000010000100101100100001010100010000110011000010001110011111010011001010000
1112.31  78 000011001001000000010100001010100010000000100000001110101110011010100001001000
1228.37  78 000110010010111000100101111010100000010100100100000110000011110010100010010000
1392.28  78 000100000110000100000001101001010010000010001000100000100100111000101010000001
1235.35  78 000011101000001100100101001011100000001001000100100011101001100000101010000001
1227.35  78 100000000010000001100100001000100010000111011110100100011010010110101100010000
1195.38  78 010001110011001001100100111000010000001010001110110000101011010000101100010000
1259.38  78 001111111100100101100000001010010000001010010110100111010110100000000010001000
1208.37  78 010010101001000000100100111000100000010000001110111000101101001110101010000001
1061.41  78 000000001010110111000101001011100000010110000010000111111100110111100001000001
1395.26  78 000000000010000000100000100000010001000000101100001001010101111000101010000001
1129.47  78 100101001000110111010110111010010000001111100110111101001110011000001001001000
1043.41  78 110110000010001110010111000000100010000110011010100110111001010011001001010000
1214.46  78 100001010011110000100111111010100000010101100010111010011001110110011100010000
1354.24  78 000000000010000010000000000000000101000101110000100101000000011110101100010000
1261.42  78 100001000011100111100101001010100000010010110000001111001110111001101100010000
1204.37  78 100100000110100000100101111010100000010000101000110101001010101100101000101000
1252.4  78 000110011011001001000000001010100000100101111100001001110011011010101001000100
1226.37  78 100001001010010101100001001010100000010111000111100011000010111000100100001000
1184.35  78 010010010000100000110100111010100001000000110001111000000010110100110001001000
1198.38  78 100100000001101000100100111010100000001000001111011000000101111011011000110000
1131.36  78 100100011000000101100111001010100010000110000010011100011101010001000001001000
1254.44  78 100110101011111100100100001000100000100100010100110011010011110110101010000001
1377.37  78 100000001011010101010100110000100010000010010001100011110010000111101100000001
1252.33  78 100101000010101000100101001000100001000110001010000110000111000110001010000100
1130.38  78 100001010000100100000110001010100010000011001010011101011100111110010001010000
1237.49  78 100101100000100100100111111010100000001010110110101111101011011011101010000010
1138.47  78 000000010000100101100111001010100000001111110101101111101111110101101001000001
1359.36  78 110110001001001001101001101010100001000010001000100000100100111000101010000001
1363.42  78 011101000010101010110011010111010000010111100010001110010010010000101100000001
1367.45  78 011001100010101001000110000011010000001010011101111010110011011110101100000100
1226.41  78 001001011011110000100101001010100000100010000111101000110100111010101010010000
1196.45  78 100111111100001000100101111010100000010001111101110110101000101000001010010000
1390.35  78 000010001000100001100100100001100001000000001110111000101101001110101100000001
1326.35  78 100000100000100100110101101000010000010101100000100110111000101000101100010000
1238.35  78 100111010000001000100100111010100001000000100011010110010000110000011010001000
1166.31  78 100100000000000000100100111010100000010110000000100011100111010001100100010000
1314.28  78 001000000000000000100000000000000100010110000110011011011011010010101100000010
1220.37  78 100100010010110000100100001010100000100011101111010101001011000011000000110000
1147.4  78 100111110000001010010101001010100000010000000001101011111001111010100001000001
1075.44  78 001100010011101101010100001010100010000111001011000110101100101011110001000100
1138.37  78 000000010000100101100111001010100010000001100100001000110110111011101001010000
1444.23  78 001000000010000000100000000000000100001010000100100001010001110001101100000010
1196.45  78 110000001010010100100101111100100000010001100101011011001111111010101100010000
1360.42  78 000000011010101010000100000110100000100111111100100101111011111000101100000010
1189.4  78 101101100000000000000110101011010000001001011011110010111010010100101100010000
1164.36  78 100101001000000100100101011000100000100000001110110100110011101010001100000100
1313.44  78 010100111010101110111111001010010000010010000010101011000100110000111100010000
1201.4  78 100001111110110111100101001010010000001000110100110001100010000010100010001000
1192.4  78 011110100000100000100101111011100000001001111000010000111001001110001100010000
1302.33  78 000000001010010000100100110010100010000001001110111010000101100110100100010000
1120.41  78 111001111001010100100111111010010000001000000001101011010010000110100100010000
1220.35  78 100001101001000000100101111010100001000100100100000110000011110010100010010000
1362.37  78 111111110010000011010000101010100001000010001000100000100100111000101010000001
1351.45  78 101010110011100111101111101110010000001001000100100011101001100000101100000100
1297.27  78 000000000000001010000000010000000100100110010100001010101111010000101100000001
1188.36  78 011101101000010011000101000000100001000010001110110000101011010000101100001000
1127.36  78 111100010000101100000101001010010000010010100000100000000011110011111001010000
1279.38  78 110001011001010000100100001010010000010000001110111000101101001110101010000001
1376.23  78 000000000000000000000000000010001000100101100000100110111000101000101100000010
1245.27  78 000000010100100010000100000000100010000110000001001010010011110000101100010000
1179.33  78 000000000010000100100100111000100000010010000111001000111110110010101000110000
1153.38  78 011011101000000100100101001000100000001010000101000101110010111110101100010000
1061.37  78 000110000010100101001100001000100000010101000101110100111000101010111001000001
1223.4  78 000011101001000000100101001010010000100011011011101110001110010010101010010000
1204.45  78 001100011000011011101101001100010000010011100101011010110001110110101010000100
1140.4  78 100100011001000001001100111010010000010101011010101111001001010010010001001000
1307.35  78 000000010010000010000010001000100001000100101101100011100111110110101100000010
1370.38  78 101011101000100010000011111001010000010000010010100101101111010000001100001000
1189.41  78 001000011010010100100101001010100001000111000100110111101011001010101000110000
1164.36  78 100111011000000001000001001010100010000101100010110011010011001101000001001000
1265.41  78 110110001110101111100101001000100000001000010111111011100010000000001100000100
1081.33  78 000110001011110011010000000000100000100110001001010100001100100111000001000010
1307.55  78 001011011011001011110111101011010010000111100100110111101111111100001010010000
1236.4  78 100100010010001100100111001010100000100111000101000010001011100110111000110000
1190.38  78 010010001011100001100111001001100010000110000011010010011010010110001010000001
1137.44  78 110110001101101111110100001010010000010101000100101010101000101011100001010000
1165.37  78 100001000001100000100100111010100000001001110000111000010111001110011010000001
1154.45  78 111001010000100100010011001010100000010011000100111110111101011110110001000001
1395.44  78 010010101010011000000110001000100001000110100111111011111100000111101100000010
1252.37  78 000000000000100100100100001010100000001110011110100011011101111010110010000001
1271.46  78 110011110000100101100011001010100010000100001100101110111110010110111010001000
1189.4  78 100101101010010100100101111010100000010000110100001101000010100110101010000010
1221.44  78 001101101100100100100101001011010001000110111000001100101111011000101010010000
1145.4  78 101101010000100100000110001010100010000000011010101101111100110110001001010000
1279.32  78 100010001001010010101001001010100000100100100000110010000001001110100100000001
1281.38  78 100101110001100000000100101010100010000111000100110010010001101111001001000100
1236.37  78 000011001011001101100000001000100010000010000101000101110010111110101010010000
1383.27  78 000000010010000000000001000000100000001010010001001110100110111000101100000001
1207.45  78 101001011010110001110101111010010000010111000010011111000010011000101010000001
1247.35  78 101011000010001000100101001010010000100001010001100100100011010001101000110000
1270.37  78 100100001000000010100100001000100010000100001110100111011111000111101100010000
1318.32  78 000000101000000101000110111000100000001111110000100000001000110110001100000001
1278.32  78 000000000000001100100100000010100000010101101011111010000000010110111100000001
1206.44  78 100000110011001001100101011100100000001111000100110111101011001010101100000001
1311.37  78 101000011010011110100100000010010010000000010101101010010110100110100010000100
1413.28  78 001000000000000000100000000000000100010011100110101001011100001110101100000001
1244.29  78 000000101000001100100101001010100010000000000101101100000000011010101100010000
1216.36  78 000110101001000000100100111010100000001000011100000101011110101000101000110000
1261.42  78 000010010000100100100100001010100000001111101110101110111111010110100010000001
1295.41  78 010001011010000110101101000010100001000110100110111001100111110000100100000010
1309.36  78 100001011010001000100001111001010000001111100100101010000100110000001100001000
1372.35  78 001000000010100000000010001010100000001001011111111110001100101000101100000001
1266.32  78 000000011010100111100111001000100000010100100010011001000100000001001010000001
1139.4  78 000110001111100100110111001010010000010010010010101100001101000010011001010000
1259.44  78 110000001001101111100101011011010000001011000000110110110010111010001100010000
1215.45  78 000000110110100111100101001010010000010100001100101110111110010110111010001000
1166.37  78 000110100000100101100101111100100001000000110100001101000010100110101010000001
1194.4  78 100100010110101000100101001000100001000110111000001100101111011000101010000010
1258.46  78 000110000010100111100101111010100000010001111011010010101111111000101100001000
1298.35  78 001100001000100010110100001000100000001011100111111000111001000000001100001000
1109.46  78 110110001011100101000000111010100000100111000011000110111101011001111001000010
1168.36  78 011000001011000000100101001000100000001010000101000101110010111110101100000100
1324.27  78 000000000000001010000000000000000110000100100001100010110101110110101010000010
1162.44  78 001101001101100111110110001010010001000011000010011000111011001000111010001000
1213.4  78 000001110110100010100100001000100010000011100101011010110001110110101010000001
1319.38  78 001010001010100000110101101011100010000000000111110010000000111110101010000001
1307.35  78 000000010010000010000010000001100010000100101101100011100111110110101100000100
1404.4  78 000000001010101001110110100100010010000110001110111101100110001000101100001000
1288.51  78 100100001010101101100101000010100000001111011111111011110010111110111100000001
1223.45  78 111100010000101011110101111010100010000101100010110011010011001101000001010000
1400.35  78 000000000010000000001010000000000101000011111110110111111000110010101100001000
1235.33  78 010010101000000111100101001010100000010000000101101100000000011010101000110000
1239.37  78 000010011011000000100100001010010000001101010111000001101011011101100000110000
1255.45  78 000100111011100011100100111110100000001111101010011101001101001000100100000001
1269.38  78 100100111010000111100100001010100000010101101010100100000010101010101000100100
1309.38  78 000000001000101000101001011000010000001011011001110001110110011011101100001000
1200.4  78 001101010010000100100101001010100001000011101010100001011110001110101010000001
1272.4  78 000100011010011110100101110000100001000010011010011000110100001110101100010000
1057.32  78 001100000010100100000101001000100000100101000000100101101100110011010001000010
1257.42  78 001001011111100000100101001010100000001011001000110001010011111011101010010000
1236.42  78 001001000000100111100101001010010000001100001100101110111110010110111010001000
1220.37  78 000000010010000000100101001010100000001101111110000010011001101110111100010000
1247.41  78 110000011000100111100110001000100000010110101000010101111001101110001010000001
1317.41  78 100100011010101000100001101011100000001001100011101110011100010100101100000001
1286.4  78 001100001000101110110100111000100001000011100111111000111001000000001010000100
1231.45  78 001001010110100111100101111010100000001101101000101010011001000011111010010000
1205.28  78 011000001000000100100101000000100000001000001101011100000000100110101100000100
1075.4  78 000110001010000101111111001011100000010111010100000000101100011100010001000001
1233.37  78 101100001001100001000110000011100000010111000010011111000010011000101100000001
1213.36  78 000000010000100000100101001010100001000100101010101111001010110111001001010000
1214.4  78 110011100001101000100101111010100000001101011100001100100001000101010000100010
1302.4  78 000000011100100010101010000001010010000100101101100011100111110110101100010000
1370.32  78 101000001010001010100100001000100001000000010010100101101111010000001100000010
1140.46  78 111100001001001111010100001010100000010100111111101000001011010111011001000001
1245.42  78 111001011011001100110101001010100010000000010101101010010110100110100001010000
1257.32  78 100000001000010000100000001000100001000101001000111111010111001000101100010000
1096.41  78 100001011010010000010111001010100000010011010100100110111000111011100001000001
1374.31  78 000000101010100010000101000000100000001000011100000101011110101000101100000001
1272.38  78 000101001000000110100110001000100000001011100100011110110001001111101100000001
1258.44  78 100111011011001001000101111010100000010100010010100010011010010111101001000001
1319.35  78 010000001010101000101101001001100000010111100100101010000100110000001100000001
1323.44  78 000010011010111000000111001011100000100001011111111110001100101000101100010000
1156.4  78 111111010000100101100100001010100000001001111100001110010010110010000001000001
1211.42  78 001001000011100100100101001010100000010101110100001110111011000110111100010000
1282.42  78 010001010000000110101010110000010010000011001111111010010111001110101010000100
1330.36  78 011100111000110000010100000000100000001000101000110011100010110110101100000001
1247.45  78 110110100000010110100101001010010001000111001010100011000111001111111010000100
1297.42  78 000100011001000110100010001010100000100100101100101011110111011110011100000010
1306.45  78 001001011000101000000101111011100010000001111011010010101111111000101100010000
1216.38  78 011000000000100100100101001010100000010000001101111011100011100111101010001000
1225.4  78 001001010010000100100101111010100000010011111101010001100001001011100010010000
1329.45  78 101010000100001101100011011011010000001001111110100110111101100010001100000010
1139.47  78 110011001001001111000100111010100000100100111001110100110110101011101001000100
1272.46  78 001001111001100100000110001010100000100001111110110111100111010011101001010000
1240.41  78 001100111000001101100011001011100000010111110000100010110001111000001100010000
1234.51  78 100101101011111111100101111010010000001010001111000110111000101110011010010000
1083.38  78 111100011010011101100001001000100010000010001110000100101101100010001001010000
1319.41  78 100111001000100001101110001010100000001011011010100011111000100001101000100001
1092.36  78 100001010000000011100100111010100000010011011010101000110001010110000010000010
1186.38  78 011000000010110100100101001010100010000000100100111100011011010010111010000010
1228.32  78 000000011010010000100101001010100000100101110011001000000110011000100010001000
1253.44  78 100001111010110100100101001000100000010110111000101111001001110110001100010000
1210.33  78 000000101001001000100101001010100001000011000010011101000010100111010000110000
1208.42  78 000000101001000111100111111010010000001001111011111010100001010010010010010000
1231.28  78 000000000010000010000000000000000110000011111000110101011100010010101010000100
1273.21  78 001000000000000000100000000000000110000110001100000011100100000000101100010000
1316.44  78 101110101010100110100000011011100010000101100110101000010110011010101100000100
1274.28  78 000000001000001000100111001000100001000001100100110100100100001000101100010000
1269.38  78 010000000010101010100111111010010001000001001010101011011001010001100010000010
1247.33  78 001100010000101000100101001010100001000100100000011001000011110001101010010000
1284.44  78 000110001011001001101111101010100000001011011001001111100110100000101100010000
1156.37  78 000110001000000101000001111010100000100011110010011010101110010010001001000010
1213.27  78 000000001001000000100100001010100000010110010010001000000110000111001010010000
1321.42  78 000101000010101001000111111111100000010010110110010011001000100110101100000010
1139.38  78 000011001001000011000100111010100010000110101001100110010110001000111001010000
1306.47  78 011111110010100101000110010011100000001011000110011011111010110010101100000001
1205.42  78 011010010111100000100101001010100000100000011000101011001111010011111010000001
1230.44  78 000011111111100101100001001010010000001101101011011010001001011000101100010000
1262.37  78 010010001000000000100101111010100000001110010100101111000010111010001010000010
1229.37  78 110000011010000110000101001010100010000110001101001000011000001110111001010000
1357.29  78 001010100000010001100000000100100010000000011100100110000110101000101100000010
1262.46  78 100101111000000001101110101010100000100011111000001101000111111110101100001000
1362.44  78 100100011000101010111110001000100000100000000111001110111111111000101100000001
1141.54  78 111111001011110111110101111010010000001111101010110101110010010011000001010000
1159.41  78 000000001110110000100101001011100001000111010001100100001110111110101010010000
1362.26  78 000000100000000010000000000010000110000110011100101110000101000000011010000010
1242.37  78 100101000010000100101100011000100001000010010011101000011111010010101100001000
1296.44  78 001101100011010110100111001111010000010110000110100011100110010000101100010000
1282.42  78 000100101010110111100101111010010000010000110010001011001101100000111010010000
1304.42  78 000000111010100010110101101010010000001001011111100100011011100100101010001000
1114.47  78 111100001001110101110100111010010000010110000110110111000110010110101001010000
1205.44  78 100101100011100011100111001000010000010111101000011010101111000110001010010000
1243.46  78 100101101010011111100111001011100000100001001110011001001001010110101100010000
1339.31  78 011000000000100110100000100000100000010000101100111010000100010110101100000001
1242.42  78 001100001100100100100111111010010000001101001000101000110111111000110010001000
1268.41  78 100010010000011100110100111001010000010101001110111010010010001001101100010000
1143.41  78 000011011100100101100111111010100000010000100000100101000110110101110001000010
1247.32  78 000000001000011010000101111010100000001010000111000100010011000110100100010000
1235.37  78 100010011101010100101101001001010001000100011010101000010010010000101010000100
1146.47  78 000110111010010101100001001010100001000110110110101110010111111110100001010000
1319.37  78 010100001010100001000100010000010000001011000110011011111010110010101100000001
1265.44  78 000100100011101111100101111010100000100000000000100101101111111010101001010000
1360.31  78 010101010010010010100000000010100000100000111000100110001100100000101100000001
1143.38  78 100100001101101100110100001010100000010001001010101000011100111010100001000001
1293.33  78 000000001000110110000110001000010000001111110000100010110001111000001010000001
1304.36  78 001100100101100110100111101000100010000000010010100010110000011000101100001000
1261.44  78 110010110100100000100101001000100001000101111110111111100001111000001100001000
1193.42  78 001100110001100000100100001111100001000000000111001110111111111000101010010000
1047.5  78 101101011110100101000011001011010000010010011001110111111001111011010001010000
1266.35  78 000000001011100111000100000000100000010100100100011101111011100000101100000010
1250.44  78 101010110100000010100101010100010000001011010110100111110011101010101100000001
1135.37  78 100001111001000100000100001010100010000001001111101100011000011110001001001000
1232.42  78 110000111000011011100101101010010000100111000110110000111010000100011010010000
1221.37  78 011000001000110100100101001010010000001001001000001010100111001110111010010000
1231.28  78 000000000010000010000000000000000110000011111000110101011100010010101010000100
1273.21  78 001000000000000000100000000000000100010110001100000011100100000000101100000010
1141.42  78 111100010011100111110100001010010000001100010101111001001001110100000001001000
1230.4  78 100100011110001100100100001010100000001001101101111010000001110001101000100100
1130.45  78 111100011101101100110100111010010000001001001010101011011001010001100001001000
1325.49  78 010100011010101010000101111010010000001111101010111110111100111000101100010000
1359.4  78 000010011100100110101001001010100000001101001110111010010010001001101100000001
1090.42  78 110000111110100100000101111000100000100110011010100111101100100010100001000010
1284.42  78 111111111011110001100000101010100000001011001101101010110000000000001010000001
1049.4  78 110000000011100101101101000011010000001001011011110100111000000001110001010000
1261.31  78 001000000000000000100000000000000110000111001101111010110000011110101100010000
1360.29  78 001000100001010010100100001000100001000110010010111000000011010000001100000010
1307.19  78 000000000010000010000000000000000100100001011001000000100001000010101010000001
1191.38  78 001010101001010110101101001010010000001101100100100001110011011000000100001000
1210.33  78 001001000000100100100101111010100001000101000010000010000111111000100010010000
1303.37  78 000001001000101010000111101010100001000111110000100010110001111000001010000010
1235.38  78 100110010111000100100101101000100000010100110010100110000011000110101100000001
1298.41  78 110100001010100111000101001010010000001110100001101100010010111010101010000001
1314.32  78 000000011001000000000110001000100000001011011010100011111000100001101100000001
1064.32  78 000000001110100100000101111000100001000101000100100001001000110010101001000100
1218.37  78 000011111010010000100101111010010000001100110110010011100001001000000000110000
1235.54  78 111100101001011101101111011011010010000011010110100111110011101010101010010000
1222.36  78 100001011001100100000110001010100010000111000010100110110000111010000001001000
1275.4  78 100100101000001100100101011000100010000101111110000011100111001010001100010000
1274.4  78 000101011010101100000100111010100010000001001000001010100111001110111100000100
1273.44  78 110110001010000100100100111010100000001001100101000111111110110010101100000100
1089.41  78 100100011100101101100001001010010000010011000100100011001101100101111001010000
1212.38  78 100001001001110000100100001010100000001100011101101011110101010001010000110000
1281.27  78 000000000110100000100100001000100001000001100100110100100100001000101100010000
1286.35  78 100000011010100010110100001000100000010101000000110011111001110000001100001000
1188.4  78 100100001011010000100111001100100001000101001111101000110011011000100010000010
1206.36  78 001001000000100100100101111010100000001111001100101110000000010011010000110000
1132.37  78 100100011000000101100100001010100010000101011110101001001001001100101001001000
1150.31  78 110000001000010000100100001011100010000011001101101010110000000000001010010000
1278.33  78 100100000100101010000101110001100010000100011010101000010010010000101010000001
1199.44  78 110000001001000001100000111010100000010110110110101110010111111110100001010000
1299.41  78 010010011010100101000110010000100000001011000110011011111010110010101100000001
