274 1655 0.8579574909279419 274 0.14204250907205807 
296 1633 0.8465526179367548 296 0.1534473820632452 
322 1607 0.8330741316744427 322 0.16692586832555728 
328 1601 0.8299637117677553 328 0.17003628823224468 
327 1602 0.8304821150855366 327 0.16951788491446346 
333 1596 0.8273716951788491 333 0.17262830482115085 
307 1622 0.8408501814411612 307 0.15914981855883878 
358 1571 0.8144116122343183 358 0.1855883877656817 
336 1593 0.8258164852255054 336 0.17418351477449456 
298 1631 0.8455158113011924 298 0.15448418869880767 
285 1644 0.8522550544323484 285 0.14774494556765164 
344 1585 0.8216692586832556 344 0.17833074131674442 
286 1643 0.8517366511145671 286 0.14826334888543286 
334 1595 0.8268532918610679 334 0.1731467081389321 
322 1607 0.8330741316744427 322 0.16692586832555728 
278 1651 0.855883877656817 278 0.144116122343183 
340 1589 0.8237428719543806 340 0.1762571280456195 
327 1602 0.8304821150855366 327 0.16951788491446346 
278 1651 0.855883877656817 278 0.144116122343183 
310 1619 0.8392949714878175 310 0.1607050285121825 
313 1616 0.8377397615344738 313 0.16226023846552617 
324 1605 0.8320373250388803 324 0.16796267496111975 
336 1593 0.8258164852255054 336 0.17418351477449456 
304 1625 0.8424053913945049 304 0.15759460860549507 
329 1600 0.8294453084499741 329 0.17055469155002592 
276 1653 0.8569206842923794 276 0.14307931570762053 
315 1614 0.8367029548989113 315 0.16329704510108864 
338 1591 0.8247796785899429 338 0.17522032141005703 
326 1603 0.8310005184033178 326 0.1689994815966822 
331 1598 0.8284085018144116 331 0.1715914981855884 
306 1623 0.8413685847589425 306 0.15863141524105753 
352 1577 0.8175220321410057 352 0.1824779678589943 
318 1611 0.8351477449455676 318 0.16485225505443235 
342 1587 0.8227060653188181 342 0.17729393468118196 
281 1648 0.8543286677034733 281 0.1456713322965267 
299 1630 0.844997407983411 299 0.15500259201658892 
349 1580 0.8190772420943494 349 0.1809227579056506 
324 1605 0.8320373250388803 324 0.16796267496111975 
332 1597 0.8278900984966304 332 0.17210990150336963 
340 1589 0.8237428719543806 340 0.1762571280456195 
324 1605 0.8320373250388803 324 0.16796267496111975 
333 1596 0.8273716951788491 333 0.17262830482115085 
321 1608 0.833592534992224 321 0.16640746500777606 
299 1630 0.844997407983411 299 0.15500259201658892 
320 1609 0.8341109383100052 320 0.16588906168999482 
334 1595 0.8268532918610679 334 0.1731467081389321 
298 1631 0.8455158113011924 298 0.15448418869880767 
311 1618 0.8387765681700363 311 0.1612234318299637 
325 1604 0.831518921721099 325 0.168481078278901 
335 1594 0.8263348885432866 335 0.17366511145671332 
291 1638 0.8491446345256609 291 0.15085536547433903 
303 1626 0.8429237947122862 303 0.15707620528771385 
343 1586 0.8221876620010368 343 0.1778123379989632 
329 1600 0.8294453084499741 329 0.17055469155002592 
350 1579 0.8185588387765682 350 0.18144116122343182 
334 1595 0.8268532918610679 334 0.1731467081389321 
294 1635 0.8475894245723172 294 0.15241057542768274 
344 1585 0.8216692586832556 344 0.17833074131674442 
296 1633 0.8465526179367548 296 0.1534473820632452 
292 1637 0.8486262312078797 292 0.15137376879212028 
322 1607 0.8330741316744427 322 0.16692586832555728 
349 1580 0.8190772420943494 349 0.1809227579056506 
334 1595 0.8268532918610679 334 0.1731467081389321 
330 1599 0.8289269051321928 330 0.17107309486780714 
293 1636 0.8481078278900985 293 0.1518921721099015 
325 1604 0.831518921721099 325 0.168481078278901 
321 1608 0.833592534992224 321 0.16640746500777606 
287 1642 0.8512182477967859 287 0.1487817522032141 
277 1652 0.8564022809745983 277 0.14359771902540175 
307 1622 0.8408501814411612 307 0.15914981855883878 
271 1658 0.8595127008812856 271 0.14048729911871435 
311 1618 0.8387765681700363 311 0.1612234318299637 
333 1596 0.8273716951788491 333 0.17262830482115085 
345 1584 0.8211508553654744 345 0.17884914463452567 
279 1650 0.8553654743390358 279 0.14463452566096424 
317 1612 0.8356661482633488 317 0.1643338517366511 
306 1623 0.8413685847589425 306 0.15863141524105753 
271 1658 0.8595127008812856 271 0.14048729911871435 
323 1606 0.8325557283566615 323 0.16744427164333853 
331 1598 0.8284085018144116 331 0.1715914981855884 
272 1657 0.8589942975635044 272 0.1410057024364956 
329 1600 0.8294453084499741 329 0.17055469155002592 
314 1615 0.8372213582166926 314 0.16277864178330742 
320 1609 0.8341109383100052 320 0.16588906168999482 
313 1616 0.8377397615344738 313 0.16226023846552617 
349 1580 0.8190772420943494 349 0.1809227579056506 
349 1580 0.8190772420943494 349 0.1809227579056506 
300 1629 0.8444790046656299 300 0.15552099533437014 
319 1610 0.8346293416277865 319 0.16537065837221357 
310 1619 0.8392949714878175 310 0.1607050285121825 
311 1618 0.8387765681700363 311 0.1612234318299637 
341 1588 0.8232244686365993 341 0.1767755313634007 
285 1644 0.8522550544323484 285 0.14774494556765164 
300 1629 0.8444790046656299 300 0.15552099533437014 
321 1608 0.833592534992224 321 0.16640746500777606 
298 1631 0.8455158113011924 298 0.15448418869880767 
289 1640 0.8501814411612234 289 0.14981855883877657 
332 1597 0.8278900984966304 332 0.17210990150336963 
327 1602 0.8304821150855366 327 0.16951788491446346 
326 1603 0.8310005184033178 326 0.1689994815966822 
316 1612 0.8360995850622407 316 0.16390041493775934 
307 1621 0.8407676348547718 307 0.1592323651452282 
280 1648 0.8547717842323651 280 0.14522821576763487 
325 1603 0.8314315352697096 325 0.16856846473029047 
300 1628 0.8443983402489627 300 0.15560165975103735 
311 1617 0.8386929460580913 311 0.16130705394190872 
325 1603 0.8314315352697096 325 0.16856846473029047 
301 1627 0.8438796680497925 301 0.15612033195020747 
332 1596 0.8278008298755186 332 0.17219917012448133 
291 1637 0.8490663900414938 291 0.15093360995850622 
284 1644 0.8526970954356846 284 0.14730290456431536 
343 1585 0.8220954356846473 343 0.1779045643153527 
312 1616 0.8381742738589212 312 0.16182572614107885 
292 1636 0.8485477178423236 292 0.15145228215767634 
322 1606 0.83298755186722 322 0.16701244813278007 
322 1606 0.83298755186722 322 0.16701244813278007 
302 1626 0.8433609958506224 302 0.1566390041493776 
312 1616 0.8381742738589212 312 0.16182572614107885 
327 1601 0.8303941908713693 327 0.1696058091286307 
331 1597 0.8283195020746889 331 0.1716804979253112 
323 1605 0.8324688796680498 323 0.1675311203319502 
313 1615 0.8376556016597511 313 0.16234439834024897 
252 1676 0.8692946058091287 252 0.13070539419087138 
307 1621 0.8407676348547718 307 0.1592323651452282 
258 1670 0.8661825726141079 258 0.1338174273858921 
303 1625 0.8428423236514523 303 0.15715767634854771 
307 1621 0.8407676348547718 307 0.1592323651452282 
308 1620 0.8402489626556017 308 0.15975103734439833 
316 1612 0.8360995850622407 316 0.16390041493775934 
343 1585 0.8220954356846473 343 0.1779045643153527 
339 1589 0.8241701244813278 339 0.1758298755186722 
314 1614 0.8371369294605809 314 0.1628630705394191 
248 1680 0.8713692946058091 248 0.12863070539419086 
332 1596 0.8278008298755186 332 0.17219917012448133 
315 1613 0.8366182572614108 315 0.16338174273858921 
344 1584 0.8215767634854771 344 0.17842323651452283 
315 1613 0.8366182572614108 315 0.16338174273858921 
311 1617 0.8386929460580913 311 0.16130705394190872 
320 1608 0.8340248962655602 320 0.16597510373443983 
299 1629 0.8449170124481328 299 0.15508298755186722 
323 1605 0.8324688796680498 323 0.1675311203319502 
297 1631 0.845954356846473 297 0.15404564315352698 
304 1624 0.8423236514522822 304 0.15767634854771784 
314 1614 0.8371369294605809 314 0.1628630705394191 
330 1598 0.828838174273859 330 0.17116182572614108 
323 1605 0.8324688796680498 323 0.1675311203319502 
295 1633 0.8469917012448133 295 0.15300829875518673 
301 1627 0.8438796680497925 301 0.15612033195020747 
307 1621 0.8407676348547718 307 0.1592323651452282 
306 1622 0.8412863070539419 306 0.15871369294605808 
304 1624 0.8423236514522822 304 0.15767634854771784 
291 1637 0.8490663900414938 291 0.15093360995850622 
302 1626 0.8433609958506224 302 0.1566390041493776 
328 1600 0.8298755186721992 328 0.17012448132780084 
308 1620 0.8402489626556017 308 0.15975103734439833 
255 1673 0.8677385892116183 255 0.13226141078838174 
304 1624 0.8423236514522822 304 0.15767634854771784 
297 1631 0.845954356846473 297 0.15404564315352698 
324 1604 0.8319502074688797 324 0.16804979253112035 
293 1635 0.8480290456431535 293 0.15197095435684646 
320 1608 0.8340248962655602 320 0.16597510373443983 
328 1600 0.8298755186721992 328 0.17012448132780084 
294 1634 0.8475103734439834 294 0.1524896265560166 
327 1601 0.8303941908713693 327 0.1696058091286307 
325 1603 0.8314315352697096 325 0.16856846473029047 
315 1613 0.8366182572614108 315 0.16338174273858921 
344 1584 0.8215767634854771 344 0.17842323651452283 
294 1634 0.8475103734439834 294 0.1524896265560166 
317 1611 0.8355809128630706 317 0.16441908713692946 
343 1585 0.8220954356846473 343 0.1779045643153527 
305 1623 0.841804979253112 305 0.15819502074688796 
308 1620 0.8402489626556017 308 0.15975103734439833 
282 1646 0.8537344398340249 282 0.1462655601659751 
286 1642 0.8516597510373444 286 0.1483402489626556 
285 1643 0.8521784232365145 285 0.14782157676348548 
302 1626 0.8433609958506224 302 0.1566390041493776 
292 1636 0.8485477178423236 292 0.15145228215767634 
285 1643 0.8521784232365145 285 0.14782157676348548 
325 1603 0.8314315352697096 325 0.16856846473029047 
288 1640 0.8506224066390041 288 0.14937759336099585 
305 1623 0.841804979253112 305 0.15819502074688796 
328 1600 0.8298755186721992 328 0.17012448132780084 
340 1588 0.8236514522821576 340 0.17634854771784234 
302 1626 0.8433609958506224 302 0.1566390041493776 
296 1632 0.8464730290456431 296 0.15352697095435686 
337 1591 0.825207468879668 337 0.17479253112033194 
312 1616 0.8381742738589212 312 0.16182572614107885 
269 1659 0.8604771784232366 269 0.1395228215767635 
295 1633 0.8469917012448133 295 0.15300829875518673 
316 1612 0.8360995850622407 316 0.16390041493775934 
323 1605 0.8324688796680498 323 0.1675311203319502 
300 1628 0.8443983402489627 300 0.15560165975103735 
304 1624 0.8423236514522822 304 0.15767634854771784 
277 1651 0.8563278008298755 277 0.14367219917012447 
323 1605 0.8324688796680498 323 0.1675311203319502 
323 1605 0.8324688796680498 323 0.1675311203319502 
329 1599 0.8293568464730291 329 0.17064315352697096 
303 1625 0.8428423236514523 303 0.15715767634854771 
297 1631 0.845954356846473 297 0.15404564315352698 
297 1631 0.845954356846473 297 0.15404564315352698 
291 1637 0.8490663900414938 291 0.15093360995850622 
339 1589 0.8241701244813278 339 0.1758298755186722 
350 1578 0.8184647302904564 350 0.18153526970954356 
325 1603 0.8314315352697096 325 0.16856846473029047 
323 1605 0.8324688796680498 323 0.1675311203319502 
299 1629 0.8449170124481328 299 0.15508298755186722 
294 1634 0.8475103734439834 294 0.1524896265560166 
315 1613 0.8366182572614108 315 0.16338174273858921 
282 1646 0.8537344398340249 282 0.1462655601659751 
301 1627 0.8438796680497925 301 0.15612033195020747 
290 1638 0.8495850622406639 290 0.1504149377593361 
366 1562 0.8101659751037344 366 0.18983402489626555 
290 1638 0.8495850622406639 290 0.1504149377593361 
307 1621 0.8407676348547718 307 0.1592323651452282 
324 1604 0.8319502074688797 324 0.16804979253112035 
329 1599 0.8293568464730291 329 0.17064315352697096 
349 1579 0.8189834024896265 349 0.18101659751037344 
272 1656 0.8589211618257261 272 0.14107883817427386 
326 1602 0.8309128630705395 326 0.1690871369294606 
343 1585 0.8220954356846473 343 0.1779045643153527 
324 1604 0.8319502074688797 324 0.16804979253112035 
360 1568 0.8132780082987552 360 0.18672199170124482 
298 1630 0.8454356846473029 298 0.1545643153526971 
304 1624 0.8423236514522822 304 0.15767634854771784 
301 1627 0.8438796680497925 301 0.15612033195020747 
290 1638 0.8495850622406639 290 0.1504149377593361 
319 1609 0.8345435684647303 319 0.1654564315352697 
329 1599 0.8293568464730291 329 0.17064315352697096 
338 1590 0.8246887966804979 338 0.17531120331950206 
351 1577 0.8179460580912863 351 0.18205394190871368 
336 1592 0.8257261410788381 336 0.17427385892116182 
301 1627 0.8438796680497925 301 0.15612033195020747 
352 1576 0.8174273858921162 352 0.1825726141078838 
301 1627 0.8438796680497925 301 0.15612033195020747 
302 1626 0.8433609958506224 302 0.1566390041493776 
301 1627 0.8438796680497925 301 0.15612033195020747 
345 1583 0.821058091286307 345 0.17894190871369295 
317 1611 0.8355809128630706 317 0.16441908713692946 
306 1622 0.8412863070539419 306 0.15871369294605808 
298 1630 0.8454356846473029 298 0.1545643153526971 
321 1607 0.8335062240663901 321 0.16649377593360995 
360 1568 0.8132780082987552 360 0.18672199170124482 
316 1612 0.8360995850622407 316 0.16390041493775934 
328 1600 0.8298755186721992 328 0.17012448132780084 
309 1619 0.8397302904564315 309 0.16026970954356848 
335 1593 0.8262448132780082 335 0.1737551867219917 
315 1613 0.8366182572614108 315 0.16338174273858921 
291 1637 0.8490663900414938 291 0.15093360995850622 
364 1564 0.8112033195020747 364 0.1887966804979253 
301 1627 0.8438796680497925 301 0.15612033195020747 
281 1647 0.854253112033195 281 0.145746887966805 
305 1623 0.841804979253112 305 0.15819502074688796 
332 1596 0.8278008298755186 332 0.17219917012448133 
339 1589 0.8241701244813278 339 0.1758298755186722 
321 1607 0.8335062240663901 321 0.16649377593360995 
329 1599 0.8293568464730291 329 0.17064315352697096 
326 1602 0.8309128630705395 326 0.1690871369294606 
312 1616 0.8381742738589212 312 0.16182572614107885 
323 1605 0.8324688796680498 323 0.1675311203319502 
290 1638 0.8495850622406639 290 0.1504149377593361 
327 1601 0.8303941908713693 327 0.1696058091286307 
362 1566 0.8122406639004149 362 0.18775933609958506 
317 1611 0.8355809128630706 317 0.16441908713692946 
299 1629 0.8449170124481328 299 0.15508298755186722 
319 1609 0.8345435684647303 319 0.1654564315352697 
301 1627 0.8438796680497925 301 0.15612033195020747 
356 1572 0.8153526970954357 356 0.18464730290456433 
358 1570 0.8143153526970954 358 0.18568464730290457 
363 1565 0.8117219917012448 363 0.18827800829875518 
326 1602 0.8309128630705395 326 0.1690871369294606 
326 1602 0.8309128630705395 326 0.1690871369294606 
360 1568 0.8132780082987552 360 0.18672199170124482 
336 1592 0.8257261410788381 336 0.17427385892116182 
325 1603 0.8314315352697096 325 0.16856846473029047 
316 1612 0.8360995850622407 316 0.16390041493775934 
339 1589 0.8241701244813278 339 0.1758298755186722 
312 1616 0.8381742738589212 312 0.16182572614107885 
293 1635 0.8480290456431535 293 0.15197095435684646 
288 1640 0.8506224066390041 288 0.14937759336099585 
301 1627 0.8438796680497925 301 0.15612033195020747 
376 1552 0.8049792531120332 376 0.1950207468879668 
317 1611 0.8355809128630706 317 0.16441908713692946 
348 1580 0.8195020746887967 348 0.18049792531120332 
325 1603 0.8314315352697096 325 0.16856846473029047 
315 1613 0.8366182572614108 315 0.16338174273858921 
343 1585 0.8220954356846473 343 0.1779045643153527 
325 1603 0.8314315352697096 325 0.16856846473029047 
308 1620 0.8402489626556017 308 0.15975103734439833 
339 1589 0.8241701244813278 339 0.1758298755186722 
302 1626 0.8433609958506224 302 0.1566390041493776 
328 1600 0.8298755186721992 328 0.17012448132780084 
354 1574 0.8163900414937759 354 0.18360995850622408 
339 1589 0.8241701244813278 339 0.1758298755186722 
326 1602 0.8309128630705395 326 0.1690871369294606 
322 1606 0.83298755186722 322 0.16701244813278007 
302 1626 0.8433609958506224 302 0.1566390041493776 
338 1590 0.8246887966804979 338 0.17531120331950206 
357 1571 0.8148340248962656 357 0.18516597510373445 
328 1600 0.8298755186721992 328 0.17012448132780084 
304 1624 0.8423236514522822 304 0.15767634854771784 
291 1636 0.8489880643487286 291 0.1510119356512714 
256 1671 0.8671510119356513 256 0.13284898806434872 
301 1626 0.843798650752465 301 0.15620134924753504 
305 1622 0.8417228853139596 305 0.15827711468604047 
286 1641 0.8515827711468604 286 0.1484172288531396 
332 1595 0.8277114686040478 332 0.17228853139595227 
339 1588 0.8240788790866632 339 0.17592112091333678 
293 1634 0.8479501816294759 293 0.15204981837052414 
276 1651 0.856772184743124 276 0.14322781525687597 
320 1607 0.8339387649195641 320 0.1660612350804359 
253 1674 0.8687078360145304 253 0.13129216398546964 
336 1591 0.8256357031655422 336 0.1743642968344577 
296 1631 0.8463933575505967 296 0.15360664244940322 
299 1628 0.8448365334717177 299 0.1551634665282823 
283 1644 0.8531395952257395 283 0.14686040477426052 
289 1638 0.8500259470679813 289 0.14997405293201868 
287 1640 0.851063829787234 287 0.14893617021276595 
346 1581 0.8204462895692787 346 0.17955371043072132 
307 1620 0.8406850025947068 307 0.1593149974052932 
318 1609 0.8349766476388168 318 0.16502335236118318 
289 1638 0.8500259470679813 289 0.14997405293201868 
296 1631 0.8463933575505967 296 0.15360664244940322 
284 1643 0.8526206538661131 284 0.14737934613388687 
324 1603 0.8318629994810587 324 0.16813700051894137 
315 1612 0.8365334717176959 315 0.1634665282823041 
316 1611 0.8360145303580695 316 0.16398546964193045 
344 1583 0.8214841722885314 344 0.1785158277114686 
294 1633 0.8474312402698495 294 0.1525687597301505 
311 1616 0.8386092371562014 311 0.16139076284379866 
311 1616 0.8386092371562014 311 0.16139076284379866 
328 1599 0.8297872340425532 328 0.1702127659574468 
320 1607 0.8339387649195641 320 0.1660612350804359 
293 1634 0.8479501816294759 293 0.15204981837052414 
328 1599 0.8297872340425532 328 0.1702127659574468 
348 1579 0.8194084068500259 348 0.18059159314997406 
313 1614 0.8375713544369486 313 0.16242864556305137 
301 1626 0.843798650752465 301 0.15620134924753504 
318 1609 0.8349766476388168 318 0.16502335236118318 
327 1600 0.8303061754021795 327 0.16969382459782045 
329 1598 0.8292682926829268 329 0.17073170731707318 
342 1585 0.8225220550077841 342 0.1774779449922159 
320 1607 0.8339387649195641 320 0.1660612350804359 
286 1641 0.8515827711468604 286 0.1484172288531396 
316 1611 0.8360145303580695 316 0.16398546964193045 
309 1618 0.839647119875454 309 0.16035288012454593 
291 1636 0.8489880643487286 291 0.1510119356512714 
289 1638 0.8500259470679813 289 0.14997405293201868 
306 1621 0.8412039439543332 306 0.15879605604566685 
337 1590 0.825116761805916 337 0.17488323819408408 
268 1659 0.8609237156201349 268 0.13907628437986508 
289 1638 0.8500259470679813 289 0.14997405293201868 
332 1595 0.8277114686040478 332 0.17228853139595227 
286 1641 0.8515827711468604 286 0.1484172288531396 
297 1630 0.8458744161909704 297 0.15412558380902958 
327 1600 0.8303061754021795 327 0.16969382459782045 
332 1595 0.8277114686040478 332 0.17228853139595227 
351 1576 0.8178515827711469 351 0.18214841722885314 
325 1602 0.8313440581214323 325 0.16865594187856772 
307 1620 0.8406850025947068 307 0.1593149974052932 
355 1572 0.8157758173326414 355 0.1842241826673586 
306 1621 0.8412039439543332 306 0.15879605604566685 
309 1618 0.839647119875454 309 0.16035288012454593 
313 1614 0.8375713544369486 313 0.16242864556305137 
319 1608 0.8344577062791905 319 0.16554229372080956 
332 1595 0.8277114686040478 332 0.17228853139595227 
302 1625 0.8432797093928386 302 0.1567202906071614 
313 1614 0.8375713544369486 313 0.16242864556305137 
249 1678 0.8707836014530358 249 0.1292163985469642 
317 1610 0.8354955889984432 317 0.16450441100155683 
304 1623 0.8422418266735859 304 0.15775817332641412 
308 1619 0.8401660612350804 308 0.15983393876491955 
309 1618 0.839647119875454 309 0.16035288012454593 
331 1596 0.8282304099636741 331 0.1717695900363259 
332 1595 0.8277114686040478 332 0.17228853139595227 
313 1614 0.8375713544369486 313 0.16242864556305137 
284 1643 0.8526206538661131 284 0.14737934613388687 
250 1677 0.8702646600934094 250 0.12973533990659056 
297 1630 0.8458744161909704 297 0.15412558380902958 
293 1634 0.8479501816294759 293 0.15204981837052414 
303 1624 0.8427607680332122 303 0.15723923196678774 
329 1598 0.8292682926829268 329 0.17073170731707318 
338 1589 0.8245978204462896 338 0.17540217955371043 
270 1657 0.8598858329008822 270 0.1401141670991178 
315 1612 0.8365334717176959 315 0.1634665282823041 
317 1610 0.8354955889984432 317 0.16450441100155683 
261 1666 0.8645563051375195 261 0.13544369486248053 
340 1587 0.8235599377270368 340 0.17644006227296316 
317 1610 0.8354955889984432 317 0.16450441100155683 
308 1619 0.8401660612350804 308 0.15983393876491955 
325 1602 0.8313440581214323 325 0.16865594187856772 
331 1596 0.8282304099636741 331 0.1717695900363259 
283 1644 0.8531395952257395 283 0.14686040477426052 
299 1628 0.8448365334717177 299 0.1551634665282823 
316 1611 0.8360145303580695 316 0.16398546964193045 
329 1598 0.8292682926829268 329 0.17073170731707318 
313 1614 0.8375713544369486 313 0.16242864556305137 
322 1605 0.8329008822003113 322 0.16709911779968864 
322 1605 0.8329008822003113 322 0.16709911779968864 
303 1624 0.8427607680332122 303 0.15723923196678774 
310 1617 0.8391281785158277 310 0.16087182148417228 
365 1562 0.8105864037363778 365 0.1894135962636222 
281 1646 0.8541774779449922 281 0.14582252205500779 
316 1611 0.8360145303580695 316 0.16398546964193045 
319 1608 0.8344577062791905 319 0.16554229372080956 
312 1615 0.838090295796575 312 0.16190970420342501 
265 1662 0.8624805396990141 265 0.137519460300986 
331 1596 0.8282304099636741 331 0.1717695900363259 
282 1645 0.8536585365853658 282 0.14634146341463414 
306 1621 0.8412039439543332 306 0.15879605604566685 
318 1609 0.8349766476388168 318 0.16502335236118318 
307 1620 0.8406850025947068 307 0.1593149974052932 
307 1620 0.8406850025947068 307 0.1593149974052932 
310 1617 0.8391281785158277 310 0.16087182148417228 
330 1597 0.8287493513233005 330 0.17125064867669954 
316 1611 0.8360145303580695 316 0.16398546964193045 
353 1574 0.8168137000518941 353 0.18318629994810587 
320 1607 0.8339387649195641 320 0.1660612350804359 
333 1594 0.8271925272444214 333 0.17280747275557862 
322 1605 0.8329008822003113 322 0.16709911779968864 
343 1584 0.8220031136481578 343 0.17799688635184224 
293 1634 0.8479501816294759 293 0.15204981837052414 
307 1620 0.8406850025947068 307 0.1593149974052932 
332 1595 0.8277114686040478 332 0.17228853139595227 
281 1646 0.8541774779449922 281 0.14582252205500779 
328 1599 0.8297872340425532 328 0.1702127659574468 
310 1617 0.8391281785158277 310 0.16087182148417228 
314 1613 0.8370524130773223 314 0.16294758692267775 
318 1609 0.8349766476388168 318 0.16502335236118318 
312 1615 0.838090295796575 312 0.16190970420342501 
351 1576 0.8178515827711469 351 0.18214841722885314 
326 1601 0.8308251167618059 326 0.16917488323819407 
352 1575 0.8173326414115205 352 0.1826673585884795 
285 1642 0.8521017125064868 285 0.14789828749351322 
290 1637 0.8495070057083549 290 0.15049299429164503 
365 1562 0.8105864037363778 365 0.1894135962636222 
313 1614 0.8375713544369486 313 0.16242864556305137 
326 1601 0.8308251167618059 326 0.16917488323819407 
319 1608 0.8344577062791905 319 0.16554229372080956 
339 1588 0.8240788790866632 339 0.17592112091333678 
283 1644 0.8531395952257395 283 0.14686040477426052 
306 1621 0.8412039439543332 306 0.15879605604566685 
302 1625 0.8432797093928386 302 0.1567202906071614 
347 1580 0.8199273482096523 347 0.1800726517903477 
309 1618 0.839647119875454 309 0.16035288012454593 
327 1600 0.8303061754021795 327 0.16969382459782045 
296 1631 0.8463933575505967 296 0.15360664244940322 
295 1632 0.8469122989102231 295 0.15308770108977685 
317 1610 0.8354955889984432 317 0.16450441100155683 
291 1636 0.8489880643487286 291 0.1510119356512714 
346 1581 0.8204462895692787 346 0.17955371043072132 
321 1606 0.8334198235599377 321 0.16658017644006226 
351 1576 0.8178515827711469 351 0.18214841722885314 
297 1630 0.8458744161909704 297 0.15412558380902958 
325 1602 0.8313440581214323 325 0.16865594187856772 
344 1583 0.8214841722885314 344 0.1785158277114686 
316 1611 0.8360145303580695 316 0.16398546964193045 
294 1633 0.8474312402698495 294 0.1525687597301505 
261 1666 0.8645563051375195 261 0.13544369486248053 
314 1613 0.8370524130773223 314 0.16294758692267775 
339 1588 0.8240788790866632 339 0.17592112091333678 
299 1628 0.8448365334717177 299 0.1551634665282823 
321 1606 0.8334198235599377 321 0.16658017644006226 
307 1620 0.8406850025947068 307 0.1593149974052932 
330 1597 0.8287493513233005 330 0.17125064867669954 
316 1611 0.8360145303580695 316 0.16398546964193045 
291 1636 0.8489880643487286 291 0.1510119356512714 
302 1625 0.8432797093928386 302 0.1567202906071614 
295 1632 0.8469122989102231 295 0.15308770108977685 
333 1594 0.8271925272444214 333 0.17280747275557862 
351 1576 0.8178515827711469 351 0.18214841722885314 
276 1651 0.856772184743124 276 0.14322781525687597 
342 1585 0.8225220550077841 342 0.1774779449922159 
262 1665 0.8640373637778931 262 0.13596263622210691 
326 1601 0.8308251167618059 326 0.16917488323819407 
354 1573 0.8162947586922678 354 0.18370524130773222 
353 1574 0.8168137000518941 353 0.18318629994810587 
296 1631 0.8463933575505967 296 0.15360664244940322 
306 1621 0.8412039439543332 306 0.15879605604566685 
342 1585 0.8225220550077841 342 0.1774779449922159 
317 1610 0.8354955889984432 317 0.16450441100155683 
344 1583 0.8214841722885314 344 0.1785158277114686 
321 1606 0.8334198235599377 321 0.16658017644006226 
271 1656 0.8593668915412558 271 0.14063310845874416 
306 1621 0.8412039439543332 306 0.15879605604566685 
323 1604 0.832381940840685 323 0.167618059159315 
306 1621 0.8412039439543332 306 0.15879605604566685 
330 1597 0.8287493513233005 330 0.17125064867669954 
338 1589 0.8245978204462896 338 0.17540217955371043 
335 1592 0.8261546445251686 335 0.17384535547483135 
269 1658 0.8604047742605085 269 0.13959522573949143 
287 1640 0.851063829787234 287 0.14893617021276595 
331 1596 0.8282304099636741 331 0.1717695900363259 
319 1608 0.8344577062791905 319 0.16554229372080956 
308 1619 0.8401660612350804 308 0.15983393876491955 
303 1624 0.8427607680332122 303 0.15723923196678774 
289 1638 0.8500259470679813 289 0.14997405293201868 
287 1640 0.851063829787234 287 0.14893617021276595 
332 1595 0.8277114686040478 332 0.17228853139595227 
306 1621 0.8412039439543332 306 0.15879605604566685 
328 1599 0.8297872340425532 328 0.1702127659574468 
