4260.44  156 110001111100010000011100010101100000010001111111001000000111111011101100000001110001100000001100100111110010000100001010101111010000101111001110010100000100
3373.43  156 001111111110000011000111001101100000001011010001000100100111100111001100000001101110110101111010000110000000010000001000011101100100100101001101011010001000
3849.41  156 010101101110101000110110000001100001000011101001010100011111000111000100000010011010101001111011001110100110010001000100100000011011000000100110010100001000
4937.45  156 110100100110011101001010000001100000001110111101011110100001011111010100000001001010100100011001001111110010000100001010011100011111001100111100100010010000
3293.38  156 000101000110001001100000000101100001000011111011111110110100110001101100001000101010000000011100011011100001100000010100010010010010011000001001110010010000
3849.44  156 010100101101011110011110000001010000001010111011111011110110100110001010000001001000010000011011000100100111000110000111111100001101010000110010010001001000
3898.37  156 000000100100010001000000000001100010000010010101000000101010001001011010000100101010010011000111010011010100100000100011111001101001111101011111010100001000
4279.42  156 010001011010001001110010000001100000100000101001110100001100000000011100000001010110000001011101011011111001000101000111111111010011001011100110110010001000
3977.42  156 011011110111010001111111101101010000100011011110100100101000000100001010001000100001000000111110000010110011100000100100001010111110000001001100010010010000
3533.53  156 010101100110001001111011111101100000100111111001011111011010010111101100000001011111000111110001000100011110010000010110111011011001001111101110011001000100
3832.44  156 001000000100011100011010100101010000010111000010111001000111110111001100010000101011100100000110000111000001000100100110011110111101100110011110110100010000
5171.42  156 000001100111011010011001010001100001000000100011100101110111100011010100001000110001011000001111111101000101000100001000101100111010100100010010110010000001
4738.39  156 000001100100010001100010111101100000100000110001010101100110010011100100010000101000101011111001101000111100000101000100000011000110110001101110000000101000
3565.4  156 001001100110100010010000000000010000010010110110010010000011010111101000101000000001001111011110001010111110100001000111100011110110100001110000010100000010
3959.42  156 001010100100010110000100101101100010000101110001001011111100000111001100010000100100101000001101100011011111000101000110001001010110001110010100110100010000
3672.45  156 011011100111011100111110110101010000001010001010010101000101100011011000110000101110010100011011101001000000100000001111111100000001010011111000110100010000
3821.42  156 100001110000011011011011001101010000001010010101001101000111100001001010000001101000100001001011010100000111000100001101100010100111101110100110110010000100
3895.38  156 010110100100110000001100001101100000001010000100001000011111110111001100000001011000101100000011100001001011100010000100110001101101101010001000110100000100
3535.46  156 010101011011101001011010000001100010000010111111100111000001100001001100001000010111001001010111011011010111010000010100001111011011100010101110010010000001
4506.35  156 010000000100000000000000010000001010000010111111111110000101001011000010000001100101101000000000101100010000000100001011101000011110010011110111110100010000
4338.46  156 110000100111000101111001110101010000100100100000100101101011010111101010001000011000001010110101110000010101000100010101001111001110101101110111010010000001
4641.4  156 010010100101011000110011100001010000100000011010110111011000001101101010000100100000000110101010101010111100000110000001001110100010000110100100111010001000
4468.41  156 010101001010000001100011010101100000001001011010001011111011000011001100000001000111100110001011001010001101000110000011000111001101011110001100010100000001
3402.35  156 000100000000000000010000000000001010000111101001000101111111011111011100000100011001010010110010101001100110000101000001000010000000111100001001010100000100
3298.41  156 100101001010010000010010110001100000001011001101001101011111101001001100000001010000011111010110010100110101000110000100000011110110001001100100011001000010
3834.44  156 000000001110010011001101110001010000001111111111011000000000110111001100010000100110111101101001001111001010000100001000110100110101111000100111010010000100
3140.36  156 000101000110001001100010000001100000010011010001000100100111100111001100000001101011000100001100001010000101010010000000011101100100100101001101011010001000
3744.38  156 111111110100010100000110100101100001000010110101001100000100100101000010000001001010101111001000111010010011010001000100100000011011000000100110010100000100
3456.35  156 011100000110010110010100001000100000010000001001001000101101110001011100000001001010001010000010001100110000001010000001011001001011110011101000010100000001
3868.39  156 100100100110011100001001100101100010000110001100011111011001001001101100010000101010000000011100011011100001000100100111000110011010000000011000110100010000
5220.35  156 100001000100000000100110000001010000001001101110110101110000011101011000110000000011100000001001001001110101100000001100101000110100001000110011001000100100
3847.4  156 011101000010011011110000010001100000001011100101000010000001101011001100000001001011000101001111101100011010000101000100100101110100100010011110101000110000
4055.37  156 110100110111110000111010000101010000001000101111110100010000001010000010000010001011101000000110110011000001010000010010000010001011110001000000110100010000
3750.34  156 001001110010011000110010000001100010000011001101010110000000110000010010000010000000101000100011111011000000000101000001100011000001110111000001110100001000
5526.42  156 010111100010000001101010010101010001000000100011001101111011010010001100000001111000111101011100000010001100010000010110110101101000101101110001110100000001
4647.35  156 111001000101000000001110001101100000100001011100101010110010011001001100010000001010000001111110100000100000000100010010000101010110010010001000011100010000
4641.38  156 101010010111000001100101001101010000001100010011100111011010000000000100001000010000010011001111001100100000000100001001011000111111011000111001010100010000
4802.45  156 010101010010001100000010011101010000010100011011101011011110100110101100000010010010100000010011111001100111010000010001011111101011001011100011110010000001
3915.44  156 101001011100010001011110000101100010000101101101111100101011100010011100010000001001110010101010110000010011000100010111100011110110100001110000010100000001
4201.43  156 110000100101111000100100100101010000001111110111010100100101011100101010001000101001110110001000100101100101100000001110001001010110001110010100110100001000
4110.42  156 011000110111011011000000001101100000001101111011101101100111011010001100000100101110010100011011101001000000100000001100001010011010100001010011010000100100
3537.42  156 011101000110000000110000101001100000100010010101001101000111100001001100000001110110111100101010001011010101010010000110111000101100001101010101110100000100
4122.42  156 001001000100110011001111110001100000010000001101110010111001101001101100001000111000011100101011110000010110000101000000010011111100011000010001110100001000
4170.37  156 000001100111011000000000000001100000010111000110011111110000000000111001000100010001001000010011101011000100000100001001111010101001100001101111010010000001
3397.42  156 100111110000000001001010000001100000001110110101110100110010110111001100000010010100001001111110000110001010000101000101111100011101101100011100100001000100
3821.42  156 011011100111010010010110000101100000010010011001011011100011000001110000100100001101110100001010111111100010000100001000100001100100100101100110110100000001
3952.44  156 010000100111011011000110001101100000010010010011101001010111101001101100001000001100101010001000000001111000000100001111010011010011110010111011111001010000
4870.5  156 001101100110010000000100001101010000001011110110111101011010110001011010000001110011101110011111001110100101100000100101111011001001101101111011111010010000
3828.46  156 110000100110010000011000100101100010000011101110011101101010110001111010010000011010011111011101111101001100000100001101100110101101011110000000010010000001
3847.37  156 001100100101011110010011010101010010000110110000110110000100001011001010010000001100110110101110000101000000000100001101001000000110000000101001110010000100
3626.46  156 101101101101111101011010100101010000001111111111011000000000110111001100010000110101110000011000101000100010000110000011001110011000111000011110110100010000
5260.39  156 010011100001011011000000000101100001000010011010011111001000000110111010000001000010001111010011101001000011010000001110000100001011100001111010110010000001
4720.45  156 010111110110101100110010111100100000100101110000101001000011111111101100000010010111110001110101110011110000010001000100100000011011000000100110010100001000
4026.38  156 011000000100010011000010000001100000001000010001001011101101111000001010010000100011011010101101101010011011100000001010010111000100111100100110010100000010
3599.42  156 000100010100000001101000000001010000001111101111001100010001011111001100000100110100000100100111001000111101000100100010111101101011111010000011110001001000
5204.43  156 100111001111011100110011111101100000001100001010110000000111111010001100000001001000010000011011000100100111000100001110111000100000101101010111010100000010
3858.48  156 011000110111011101010110111001010000010000001011011101101011110111000010000010010101011100110110001111011101000101000100001111100011101011010001010100010000
4661.48  156 011010010101001001100011100101100010000000111111010111101111111100111010000010000001011110111111100111000100000100001101101100100101010000111101010010000001
3857.41  156 001000010110111101111010110001010000001111011011000010001100000000000100010000001110101101011001001001010101000100010100111111110001000001100001110010000001
4218.44  156 000101111010010000100100110000100000010010000101111010000000001011011100000001101001100101111001001111110000100010000110110111010011110011111111010100000010
4083.47  156 101101100101001101101001000101010000001111000010111001000111110111001100010000100010101001011111010101000010000100100110011110111101100110011110110100000010
4158.45  156 100001000111010100000010000100100000100010111011001111111111110001111000101000000100111011101101011000101010000100001111100110110010010000111110010100000001
4469.4  156 010010000101011001010101100101100000100100001000101000011010111100010001000001001101100111000010101100101101000110000111101001111010000000001101110100000010
3818.39  156 001001000000010101010011010000010001000011100011010101101110001010000010000100000011110010001111101010001110000110000111100011110110100001110000010100000001
4111.35  156 000010000101010001000000000001010000100011011110111101000010100111101100010000110010100001100000010010000001000100010000000111001000011100101011110010000001
4206.44  156 010101010001010110101000101110010010000000100001010100000111000001011100001000101110010100011011101001000000000100010110001111101101111111111110110100000001
3935.4  156 000100110001100110010001000001100001000100111111111101011111101110001100000010101000100001010011000001010110010010000100010011000101100000001001011001000010
4008.41  156 010010110101110000001110111101100000001000111010010000111101111001101100000001111000011100101011110000010110000100001010010000111000000000010101010100000001
5005.42  156 010101000010001001000110000001100010000011111100101111000111101000111100000001111000000001110101100101001100001010000100101111111101101011000100010100010000
3821.38  156 101001000000000100110001100001010000010110110101110100110010110111001100010000011001010010000010101001010100100000100111000110001111100011010000010100010000
4689.46  156 111101100110111001100011001011010010000101000011100010100000011011001100000100110110100000010011101100000111000100010101001111001110101101110111010010010000
3701.43  156 011001000101001000011001000100100010000100111001110000110001110110101001010000101001110101101000101010011100100010000100101010010111111101101110010100000001
3860.42  156 011001000110101010110000000101010000001111000010110100001111100111001100000001101100000100101000000011001101100000001111000011111101110001110100110100010000
4221.42  156 010100010110101010000000100011100001000110011000011111010010111011001100000001100001010100001011001011100110100001000110110101110010100111100001110100000001
3859.38  156 100100000100011000000001000111100000100000100011101011100110111000000010000100001011111101101101111100101110000100001101001000000110000000101001110100000001
3712.48  156 010011010111110101001110110111010000001010111110010111010010111111100010000001111001110110010100001101010101010001000100111000001101000110101000110010000001
4189.42  156 000000110100010001101100001101100001000110111110101001111110100000101010000010111100101101010111000000000110000100001000001110001110100001110111100001010000
3823.44  156 000011110110011011101111100111010001000001101110010101011000001000011100010000100001100010110001000101011100000100001110001100111111101101001000010010000010
4410.4  156 011001100110010011011111110001100010000011101100000101101000010000000100001000100011000011100110100001100111000110000010010111000100111100100110010001010000
3030.4  156 010001100100011100100110110001010000001110001100011111011001001001101100000100101010000000011100011011100001100000010010000010011011001110001010111010010000
4130.35  156 010101000000000000000000001101010000100110101100000001001011101011110100010000001000010000011011000100100111010000001110111000100000101101010111010100000100
4409.36  156 000000000000010000000000000101010000001110011100101010000111001111100100000100000011011100011011101010001111000100001111000010000001111001111000010100000001
3741.33  156 000100000100010110001110000101100001000000100111000001010001100111101100000100011010010000100001001001010100000100100010000010001011110001000000110010000001
5094.45  156 110001101001001001100011000001100000001101110011100111000000111011011100000001011100101000111010111111111000000100001110111010010001011101000101010010000001
3521.52  156 011011100010010001111101001101100000100111111001011111011010010111101100000100010001100110100010100110110111010000010000111001111110111101011110111000110000
4591.47  156 010101010101010011110001110100010000001110110101110110011101111110110001000100110100100001011000101001000000000100100010101101011001111110110110110100000001
4223.39  156 110000110101010101001000110101100000001010100000100111110010111011001100000010000001011101001101011000010010000100100111101011000100000000101001010100000010
4635.44  156 110100100001000100000010000101100010000111110110110010110001010100101001010000001000111110111000010011111100000110000001011111101011001011100011110100010000
3587.44  156 101111000111100111001001001101100000001101100011001001011111110001001100000001111100100010001011001001100010100000100001101001011010100001101100111001010000
4346.44  156 001100000110010001101001001101100001000101110001001011111100000111001010010000011000101010010010010010001111000100010101101011110010111101011101110100010000
3711.38  156 010001100110001000110000111101100000010011101000011100000000110010011100000100101111010011011001100010000101010000001100001010000010010100001101110100010000
4671.46  156 011101100011011000001000100101100000010000101111110110111111000110101100010000100010000101110011101001111110100000001110111000101100001101010101110100000010
3800.38  156 000001010100000001101000000001100000001000111010010000111101111001101100000001100011010110110110100000110010100000001100110001101101101010001000110100000100
4009.44  156 010001100101010100010111100101100000100110100010000011010111111001100001000001101001001010100110101101100011010000010101101010001111101100101110010100000010
3925.47  156 010001100101011011101100011001100010000010111111111110000101001011000010000001010110111010111010010011010101000100001000001001011110111111001011110100010000
4054.38  156 101101100111111100110011000001100000001101000011100010100000011011001100001000001010000101010000011010100100100001000010110100000100101100111001000000110000
3231.47  156 011000010101000011011011110111100010000100111001110000110001110110101001010000001001101100011001011010100111100000001100101010010111111101101110010100000001
4047.41  156 000100000001000100010010000001010000100011110110111101011010110001011100001000111101111000101110001011111011000110000000100110100000001111010001010100001000
3470.42  156 110100000110011110001110000101100000010010011101101100010100101011111100000010000011000111111110101101100111100000001100011010001000000001010100010100000001
3440.41  156 001111000110000100011000000001100010000011001101001101011111101001001010000001100110111000011011001100110101100000001111100010000010110110000110010010001000
3578.41  156 001000110000011110010110110001100000001101110100000111101000011111001100000010011100001111011001001100100101000100100001011011010010000100011000011000101000
4129.38  156 010010010001101001100010000101010000010101000001101010000000100111001100010000000110101000001110111001110000100000100001110111100101110011101000010010000001
3871.44  156 110000110111101001011010110101100000001001001111010101101010000110101100000001000010101001111010101001011101000100010001001110111000100011010100110100000010
4849.44  156 010101101110101001100110110001100010000010011111011101011010000110010100001000010010011000001000101110000111000110000001011110010100101010110011110100001000
3885.49  156 011110101101011001011010110001100010000010011010101011110011100001101001010000110000101001001100101000001111000100001110100111100111111111110111110100001000
4275.4  156 100000000001010001010000011110010010000110010100000111101110101011101010001000111101010011111111100100100001000100001010000001111110010010000000110100000100
3958.4  156 000000100100001100011000000101100000100001010110000010111111101001101010000001100010011100110000110111000111100000010001001111010111010010001101010100000010
4421.4  156 000000100101010101100001100101010000010001010111100010101001010001110001001000011100111010101100101011100101010001000000110001111000010010110100110010000001
3591.38  156 111000100100010000000011010001100010000101101101100111001111111010000100010000110011100101110010100000001100100000010010000000001110011101000001110100000100
3479.41  156 100011010101101100100110111001100010000000110000010101000000111111001100010000100110011000000000011001001001000110000101101100011111100011011110010100000010
3861.42  156 111001010011000111010000110100100001000001011001001001000111100000001001001000101000111110101001010001010111010000010110101000011011001111100110110100001000
3782.46  156 111001100101011010010000111101100000001111100011101001100100110011001100000010000010111001110110011111101010000101000101001010000001100111101011110100000001
4131.46  156 000001100101011101111000101101100010000000101100111100011111001111001100010000111100110110001001100110111110100000001010000100100110101111001100110100010000
5097.42  156 010100100101001000111101110101100010000001111100111110110000001100111001001000100001001101000101001111110000000110000100001010010110000011000011110100000100
3925.41  156 000010000101011001001000001001100010000001000110001110101111110001001100010000110001100101110111110011000010000100001000100011111011010110011110010100010000
5335.45  156 001001110011011010010111000001100000010100011010000101111010101011001100001000111011000000110111011101111011000100001110100110100011111010100001000010000100
3751.35  156 011001100110000000011000000001100000001000101100010100000000000011001010000001100000110000011000001011100111000100100111100011011101001111011100010100001000
4180.4  156 111000010101011000010110110001100000001110010000100100100010001011000100000001000011111100001011101010010000000110000001011111101010111010011110010100000001
3442.4  156 011001010100010100000110100100010000010000111011110100111110001101000001010000100000010001110111100000100110100001000111110101001011111000001000010100000001
5297.4  156 010111100000110011110100000001010000001001010111101101010011111001001100000001100000011110011100011100100111000100100000010110110000010101001000010001000100
4060.4  156 010101010101011100101101000001100001000111101110100100110001100011000001000010010010001101010000110001000001100010000110110000111101101010010001010100000100
3615.44  156 101010100101010000111000100101010000010100010011011101100001101110000100000100101111100001111110111100010110100000100000011110001000100101111110010100000010
4072.38  156 000011000100010110000100000100100000010001100110100111011100001011011001010000001010110001011010100010111100000100010100111111001010110001000000110100000001
3813.37  156 100001110001010001000110010001100010000010100100010111001000011011001010000001100000100010011010000101111100000100010000110100111010101001001110010100010000
3958.43  156 010100100110000100101011000001100010000010100100111101010100001111101100010000110100110101110001110000101000000100100100011010100101110111111010110100010000
3323.42  156 001101000110010001101001111101100000010000001111010011111001001111101100000010010010100001011100001000110101100000100000001100100001111010001101110000101000
3948.4  156 111001010101011001011100001100010000010000001000100101110100101110001001001000110100110100000100000010100011000100001100100011111011001000110111110100010000
4202.4  156 101001010100000001000000100101010000001001011001000000101011111111101100010000111010101001000111100110010110100000010001001110111000100011010100110100001000
3822.44  156 011011010101000000011011110101100001000010011010001111111111001001001100010000110010000011000110110000110110000100001001101010000111100111011000110100000010
4105.42  156 001111011110101101011010101001010001000101101011010000011001100111011010000001101010110101000000001001001111000100001100011110001100011000000100010010000010
3798.44  156 001000000101010100100100000101100000010111110010111001100001100011010100010000100111001101111110101011010000000100001110001001011011111001111110110100000001
3975.41  156 000110100110000101001010100101100000010110001011000100001011010110010010010000110000100111001100111011100101100000010001001111010111010010001101010100000010
3053.38  156 000000000100010001001001000101010000001111001000001101111110010001001100000100101111010001011000110010001111100000001000110001111000010010110100110100000100
4198.48  156 011101100010011111110001000101100000010100011110111011001111101110001100000010011001111011011001000010111111001000100101000010010110100011001110011001000100
3528.41  156 011110100001001001000110110001100000001000110000010101000000111111001100000001100011110111011111000010010110100000001000100001000010111010101111110001001000
4404.4  156 110001100101011011110010000001100000001100000111001100110011100011101100000010010010010100001101000110101100000100001000011010111011101010110000010100010000
4193.37  156 000000000000100000000000010000001000100111100011101001100100110011001100000010001101110000111010001110111011000101000101001010000001100111101011110100000001
4303.34  156 000000000000000000000000000101000100100000100001110001000110101011010000101000010001000000111100110001000010000100001101111110100111111111010001110100001000
3413.37  156 000000001001011100111000110001100000001110000000011100010010010111001100000001100010101111010010111001100100100000010110000010110001001001100100110100010000
3956.42  156 010010100111011101101101000001100000010001000110001110101111110001001100000100101001000010000010101010010101000100001100110010100001001011101111110010000001
3847.41  156 001000010100110000011001110001100001000100110000111100011010010111001100001000100001011010011001111101100010000101000110101011001101010101000001110001001000
4139.49  156 011001110101010110100001010000010010000011111011111101100001010011011010001000111100111110111110101111110000010010000110100101000001111110010111010100000001
4157.4  156 000110100100010101000010000001100010000001010011011000110101010010011001001000111111000100111010011110000111100000100101010000111000101110101100010100010000
4101.46  156 100001000100010011000111100100010000001101111011101101011010110001110001010000110111011011000010110001011111000101000111110101001011111000001000010100000001
3912.46  156 001000110111011011100011111101010001000101110001110110011001010110011010010000101000110000100100100101101101000110000011011000010001001110001111110100010000
3917.44  156 010011100110011110000100110001100000010111101110100100110001100011000100001000100011000111010010100101000100100000010001111110101110011011011101010010000100
3539.4  156 111001110110011010001000100101010000010000101011100001010101101010000000110000001001110001001010101110101000100001000101110011100000100111010100010100010000
4231.44  156 001000101000000101111101000001100000001100000110110011001011011111001100000001100101111011001011111101110110000100010101100110101101010001000101000000110000
4467.51  156 000010011101111001110001100101010010000101101010011100101110111001101010010000011011010100011100101011010101000101000110011101111111001011111101110010001000
3828.41  156 101101100101011101000011110001100000100000000011001101011000110001001100000100001100000110100010100110000011000100001110111000111011111000011001110100000100
4099.45  156 011011100111010010011000000001100000010110111100110100010100101011001100000010111010100000000101100110111110000100010110110110110110010111011001010100000001
4086.42  156 011101101010101001100010110001100001000000011101011110001100110100111001000100110100110100000100000010100011000100010001110111100101110011101000010100000001
5258.4  156 010100101110010000000010000001100000100110111000101000010111000111010100000010111101100110010000010101100111010000010111011011001010000000111100001001001000
4242.42  156 010111000001010110100010001100100001000000100100110100010011011111011100000010111110110110011001100010101010100000010110110100101101100011000000110100000001
5028.41  156 010001110011001001101010000101010000010101100010011111000011100001000010001000101010110101000000001001001111100001000110010010001101011001111111001000110000
3817.46  156 011000000100011000110000001101100000010010110101111001011111000111101100000100010101110010101111110110110000000100001101101111010001100110000011111000110000
4575.42  156 100010100001000100000010100101100010000110110011010111001101000000001010000001101010011101011110110011110110000100010001001111010111010010001101010100000001
3953.4  156 011011100100010100100000001101100001000010011100110110000001110110001100001000000000011100000011110110111101000100001110000010100110110001011110110000101000
4551.49  156 011101100101111101001110110001100001000100101010001010111101110111011001000100010011110001011100000001101100000100100111011011011010011011101011010100001000
4061.44  156 110001100110111000101110000001010000001001111110000011111101011111001100000100001111110011110000011001101001000100010000001101000001011010001110101000100100
4381.4  156 001100100100010101111010001101100000001100000111001100110011100011101100000010010010010100001101000110101100000100010000101000101101011100000101110100010000
4096.42  156 011110000100000100000010000001100000001111100011101001100100110011001100000001101100100101101111110111110001000110000010100001101010110000011110110010010000
4261.45  156 000001100110010101111010000001100000001110101101111101000110100010101100001000110001010001010000000011011101000100001101111110100111111111010001110010000010
3813.4  156 111100100100010011000011000101100010000100001001010011110110111010100010001000011001100000110000101000011111000101000010010011101101000100111000110010000010
4573.41  156 110001100100011110000110000001100000001000100010001001111101010011101100000010001110111001001100000011000111000100001101100010100011101110110101010010010000
3594.44  156 110010100101000111001101110001010010000100110000111100011010010111001010010000111101100110010000011010010100100000010001111110101110111001011000010010010000
4390.43  156 000110000101000111011011000101010000001001101111101101101001001001001010000001011001000100111101111001001000000100100110100101000001111110010111010100000001
4610.36  156 100000001000000000000000100000000110000110010011010001001011110010001100000010101100001111111100101011010111100010000011000101111000000110011000010100010000
3584.41  156 011010110100110001011000000101010000001110011101100110001110110011001100010000000000010010001111110011000100100001000111110101001011111000001000010100000001
3742.44  156 100010000101000010111111111101100001000111011101000110110000111111001100001000010011100101001110110000010101000100100101001000000010001101100110110010000010
3208.35  156 000111000001000001100010000001010000001110100010000111001100011110001100001000100011000111010010100101000100100000010010001000101110111001000100110010000100
3927.38  156 111001000111000100110001011101010000100000001000011001101101111011001010000100111011001101100011010000001000000110000110110000100000010000110000010100000001
4671.42  156 001001100101011011010100100101010000001000011110100010001010111011001010000010110010010001010100100011111101000100001100111100010001101000110101010100001000
3835.4  156 011101100110110011110100001101100000001010100100010111001000011011001100000001111001111101100011000010010000010000001000101100100100110001001010010001010000
4106.43  156 010001101110011000000110010001100010000010100100111101010100001111101100000001101011001001001011011010010101010000010111100110010001111011000011010010000001
4563.35  156 100000000010000010000000000000000100010011010001010001010101100011001100001000101000000101010111100111000100000100010110110110110110010111011001010100000001
3912.48  156 110000100111011000110001111101100000100001011110101101000000111001001100001000001110100101100011111110000011000101000101101110111011001010111111101010010000
4132.42  156 001001100000010001011000100101100001000001011001000000101011111111101100010000100100110100101011001110110111100000010001001110111000100011010100110100001000
4020.44  156 010100000000011001001110111101010000010001101010010100110011110011001010000001100101011110100111011111011010000110000101010100010100011110001010001001010000
4155.46  156 011011110100010001001010110001010000010111000011100101110011101011000010010000101010110101000000001001001111010010000101111001001100110111111101110100010000
3823.45  156 100111000100000100000010000111100000010101111000100011001101010000111000110000111101010011111111100100100001000100001110001001011011111001111110110100000001
3827.38  156 011110100100100101100100110001100010000000000001000101011010011111101100010000011001100010000000100010100010100000001100110011001001111000110110100010000100
3787.38  156 010010100101011001000000010100010000010001100111101101001001000011100100010000001110101100011000100001000100000100001001011111101010111110110000010100001000
3398.42  156 001110010100001000000010010100100010000100100100110101011110000011111100010000111000001111000111001111110111100000001101000010111100100100001010110100010000
5031.46  156 101001110111010000010010010001100010000111010011000100011010110011000100010000001101011100110111110110110110000100001101111000111011001101101010010100010000
3846.43  156 100111000100000101011010000100100001000001011001001001000111100000001001001000111111111000111100111011000011010000010110101000011011001111100110110100001000
3829.37  156 010000000100000100011010000001100001000000101111111101010010010111001100001000000010011101010011100101100000000100001010100001101010110000011110110100010000
3879.39  156 011001100100010000100111000001100000010000000110010111010011001011001100000010010100010000001001011111011000000100001000110111111101001010111000011000100100
3743.41  156 001000000101010100100100110101010000100111101111101100100101110011000010010000001010100100000110110001000111000100001000100000110100111101111110010100000001
4337.42  156 010110100111011100011010110101010000001110100111111100100000010110101100010000000010111100001001111001100101000100100001010100001001000000110110010010010000
3779.51  156 000000010111011011001110111101100000010111001011110111011011110111001100000010011111011100110010011010111111000100001110010000110010101011110001100100001000
3617.44  156 011000000110000101111000110001100000100000101100010100000000000011001100001000111100111001111010011110111111000110000111100011011101001111011100010010000001
4453.38  156 010010100101001001101100001101100000100100100000001100101000010001000010001000111000111000001100111000010101100000001001111111000111110001100101010010000001
4268.45  156 001001110100011011110001000001100000001001111100011011110010011011001100000001001010110001111010001001011011000100001100100111111010011101110011000000110000
3905.42  156 011000000001011000110000001101100001000110111001011000110000110110001100010000100101010100010101111101011101000100001001100011111010001101011001010100010000
3208.36  156 010000100001001100000000110001010000001110100010000111001100011110001100001000100011000111010010100101000100100000010011010101011001000000011011101001010000
3852.42  156 001001110101011101101110000001100010000100011011100010010011001011101010001000001001110001001010101110101000000100010000011110001000100101111110010100001000
3827.42  156 000000000011010100000110000100100000001001100110100111011100001011011010000001110000001110111010011001111000000100001110110011111111101100000110110100000001
3572.43  156 011101100111100001100110000001100001000010100100010111001000011011001010000001100001011100011011001101010110010000100111101010111100100010000101111001010000
4227.37  156 011110110100011101000010000001010000001000010101001011100010110011001010000001001100000110100010100110000011100010000101000111001000001111100100010001010000
4230.45  156 000000100001011101100010111101010000001010011101110101110101110110011010010000110100101000110001111010010101000101000110101011010011000100110110010100000010
4337.42  156 011000100101001101010100000101100001000010011001110000110011000110011001000100110001001100000111101100011010001001000011011000100101011011111111010100000001
3638.42  156 011100000101001001001010110111010001000010011010011011001101110001010010001000101000001111010011010100010110100000010011001001101100110110010110010100000001
3475.48  156 011110110101010110111011000101010000010110110001110100110000001111100100001000111001010101110010111110000000100000001110111110110110011001011110010100001000
4308.46  156 010101100010101001100110111001010000001010011001001001100101111000101100000001101111100101101011111101111111000110000100011111010100000000101100010100010000
4430.46  156 000011100101010011001100110111100000100111111000011111111111000010011100010000000010110110101110100110110100100000100100111100000101001001001111010100000001
4046.43  156 011000100101011101001010110001100000010100011101011110111011101010001100010000010000101101101100100000001111000101000000011011101110111101000000010100000010
3606.37  156 000100000001000000011010000100100010000110111100110001010000010110011001010000010011110100100011101010100001000100100000110101001001111000000111110100000001
3784.46  156 011011110100010010110001000101100000100100010011001100110100111011011010001000110111110000110001110001110101000101000110000001101101110110100111110100000010
4683.42  156 000000110111011001001010000001100000001010011010100000001101011000011000110000111010110110110011011010100111100000001100111111010101010000011100010100001000
4506.35  156 010001000101000000000010000001100010000100101111010100011000000101101001001000111000000101010010001100011011000110000000011011011110100000110101010010000001
4505.37  156 000100000000001001110110000001010000010011001000000100000000111000101100000100000101110110011011111101010011010000100100101100111100010010010111001001010000
4481.39  156 100010100001011111011111110101010000001111001000000101011000001011001100010000111101010000000100010110010001000101000000011100000110000010001110110100000001
3966.42  156 110000000011101000011001000001100000001110110101010100111011011001001100000001000101111000101101011110110100000100010001111111001010101100100100010010000001
4712.36  156 010001000010000101100010110000100000010000001000100010010011110110101100000001101010110001010110000010011011000100100101101001100100110001000110010010000001
3496.38  156 101110000001000000011100000001010000001110010100011100111100101001001100000100101010110110111111001100000000100010000111001010001100100000010110110100001000
3791.43  156 011000010111011000000011110101100000001000011101101011111011010010001100001000111000100101011000101111000101100000010110001000101010100101000111110100000010
3882.38  156 010011010101001000011110001100100010000001101100010000000101011100011001001000100000001010100010100010011101000100001000101110111000100101110110010100000100
3393.35  156 010001000110000101001010001101100000001010001000000001000001110111001100000001011010001010011111101011001110000101000010000100000100000001000101110001000100
4418.4  156 000000000010010100000000100101100000010000001011100110000110110101000100001000001010110011111011111111101111100000001101100101000011110010000101110100000001
3927.4  156 011010000001010011001110000001010000001001010011100101001001001011001010010000001011010110111010111001100001100000001100001101011000011110001001110100010000
3827.39  156 011001000110011101111010110001100000010011001001010000111001011011101100010000111010110100001000001010110011100010000100010101001000000000000001110010000001
3282.41  156 011101100010010011011010000001100001000101100101000000101100101001001010000001101011100000010011011011000101100000100000111001010100111110001101111010000010
4431.39  156 010100000100010100001010000101010000001010011001110110111001001010001001000100101010011110110110101001101000000100001100110010000010010011101100110010000001
4089.45  156 000001100100011101111001000001100001000110101111101011001001111110001100010000011101111110000110001001110001010000100100001011001100111011100110100010000001
4956.44  156 010101101010101001000110110001100000100110011110011010011101101011101001000001111011101100010110000000010001000101000110001101000100111011110100010100000010
5550.41  156 011110110000011100110011000001010000001011101100000111010100110010001001010000111001100000100000100101111101000100100001110101100000101110000011110010000010
4053.38  156 100000101000000010000000000000000100010111110010001101101100010011011100000001111110010100000101010010111110000100010011001001101100110110010110010100000001
4463.47  156 100100110111111001011011110101010000001011011011000110001111101001000001010000101100111000110010100110110111000110000101011000111001100000111001010100000001
4895.42  156 010101100000001000001110000101100000001011011010101010110100101110101100000001100011101100010001101010011110000100001000110011001001101010011111010100010000
3847.48  156 100101101101011111110010000111100000010010010111100000111001110011111010000001000010110110101110100110110100100000010010111110110011100100100110110100000010
3911.37  156 000100010000010100000010000100100010000000001010011110110100001001010100001000101000000101100111101001001100100000001110011010110010101111010111110100000001
3455.46  156 011101100110000110101111100011010000001110011111000111000111011111001100000001100010000001111011100111010101100000001100110010110000110111000100010100010000
3832.47  156 101100010100010011111111100111010000001011100010011110000011011000101010001000011001100100001011011011011111000101000110000001101101110110100111110100000010
3872.44  156 001111111100011101111110101101010001000011000010010101100000101101101010010000100001101000000100101110110101100000001011001110110000110000001101010010010000
4181.41  156 001111100100010100011010110101100000010000011101101011001000011110001100010000001001001001001001010011111111000110000011000000111010111001100000010100000001
4035.42  156 000110010101010010101010100101100001000110001000011110000111010110001100000010011001110000001110111101000001000100100100101111001111010100001001110100000010
5235.37  156 000000100011011111001100000001100000010000011101001000010010111011000010000001111000110000000100100000001111010000010001010100011101110010111011000010001000
3425.45  156 100000011000010100011011100101010001000110110101010100111011011001001010000100000011101100001111000000110101100000010111111101101111100010110100110010000100
3039.46  156 111001100111011000101011110001010000010110111000100001100111101110011000110000101010110000011111100001110101010000001000000011110011010000011111110100010000
3688.4  156 010000000111011000000000000001100000100100101011000010000100011110001100000100111011000111011100100111011111100000001100101010001011011011011100100100010000
3443.45  156 000010000100011001101110000001100000001001100100011010101110000111001000100001111110111111111001100111110110100000001101011100000110111010010110010100000001
4109.42  156 010001000110101001000010000001010010000101101110110000000100101111001010000010100001001011111111100101100101000100010111110101000100111010001101110010010000
4101.42  156 010100101110101111001001111101010000001010001000000001000001110111001100001000111001101111111001111010100111100000010010000100000100000001000101110010010000
4344.37  156 001001000100000000001100000001100000001010011001100000011011010011101100000010000010101010100011111101110101100000001010110101000001110000100111110100000100
3849.42  156 100110010100010000100011010001010010000000110011110101010110001011101010001000101000101110111110001110100101000100010001111100100000111011010000010100010000
5086.35  156 011101000010011000100100001101100000001011001001010000111001011011101100000001100011100100110100100101000000100001000100010101001000000000000001110010010000
3427.41  156 110001100000010001100010000001100000001100101111011001000100110000001100000001110000001101011011011101101111000100001111101010101000110000101101101000100010
3903.36  156 001001100101010010010010000001100000001010011001110110111001001010001100000010010000001100011000100011100000000100001111100111010010010010000001110100000001
3750.48  156 011000100101011011000111000101100000001011111111100011010001011111010001010000101011000011011111110110000101100000001010011000101111011001110110110100000001
3995.41  156 111111100100010001101000100001100001000010011110010010010110000101010100010000001011010010100110101010110100000100001110101011010011000100110110010100000001
5527.42  156 010000100101001000001100110001100000100010110000000101111101100111110001000100011100110000001001110101111111000100001000110110000000111010111101010001001000
3878.44  156 001011010101011011011010000101010000001111110010001101101100010011011010001000001111010100100111010001001000000100010011001001101100110110010110010100000001
5321.43  156 110000000110010000110000000001100000100111110001110101010100111101100001010000011110100110110101011111011010000100001101000101001111100010110000110100001000
4030.4  156 000010000101010011001001000100100000100110001110010010101100111010000010000010111101000101111100110010001011000100001000111011010110000100110111010100000010
3430.46  156 010111100010000101100110111001100000010111101110010001010010110111001100000001110011101101110010111001110000010000010100111100000101001001001111010100000010
3751.44  156 001100011001010101111100101101010000001100111011011000010010000001000100001000111111001011000011101001101100010001000111110001100000011111001001110100000001
4390.39  156 010000000011000001111010100101100001000010100011110101011001100111000100010000000010101110110001011110001000000100001111001000110100100001111100010100000100
3897.45  156 011000110101011111111110000011100000100011100010011110000011011000101010001000000101001100100010110110110100000100100110000001101101110110100111110100000010
4857.42  156 010111000110011111001001000001100010000000101110011001000001011010000001001000111010110110110011011010100111010010000100100001011000111000011011010010000001
4008.37  156 100100110000011001001000000101100000100101000111001100100010011000001100010000110100100010101001001110001111000100001010010000101110001111100000110010000001
4266.45  156 011101111110000001101110111001100000100011100010010010111001001100101100000001001010111100101010001101110011000100100100011111001100100011010001010100000010
3372.38  156 000110000100100100000110000001100010000000111101011011101101101111001010000001001000011101001100100000010101100000001100001011000111001011001111000001010000
4156.45  156 000001100110111001001010011101010010000101110101001011011000111111001100001000100110000110011010011010100000100010000111010110110110100110110011010010010000
3390.42  156 011010011101011001001010100101010000010110111000100001100111101110011010010000001010010101001101100000010100100000010001100100101010000111110110010010000001
3691.44  156 010000100111010101100011110101100001000010110101011011110001100110001100001000001000111101000011111110010011100000001111001010001100100000010110110100000100
4012.5  156 100101110000111101011100110011010000010011110111001001101111100110000010000001011001110111111011111011011111001010000000110111001001110001001000110100000001
3995.41  156 010010010100010000001110000101100001000000001110101110011001011011101010000001101000100000100111010110111100100001000010111101001101100001100110110100010000
3627.33  156 010101100110001011000010000001100000001010001000000001000001110111001100000001101101000101111011101000001100100000001010000100000100000001000101110001000010
3225.4  156 011001000101011001000000000111010000001000101011000100100001101101111001010000111011000101011010010111000100100001000010110101000001110000100111110100000001
3882.36  156 100000100100010001000000011101010000010001010011100101001001001011001010000001111100001100100111000000111000000100010001111100100000111011010000010010000001
4101.33  156 010100000001000000010000000100010000001001011010110000001100010000011001000001101100011001100011101011010101000101000010110011100001011001000000010100000001
4096.42  156 010010100100011111110011001101100001000110100000100011011111000110001100010000101010100101101000100000010101000100100100110100100001011011101010110010010000
3975.47  156 010010110101010101111010010101100010000010011001110110111001001010001010000001011011111011101110100000011111100000001100100110100010100111010011110100000100
5112.47  156 010001010100111000111011100101100000001011101000001001000100001001101100000001001101111111110111101011000011000110000001111011111100111011010101011100010000
4300.41  156 111111100110010110000100000001100000100010101110000010010000100111101010010000001011010010100110101010110100000110000110101011010011000100110110010100000001
4339.47  156 110111010110010000110010110001100000010111000111100011100100110001110001000001001111011100011111101110100100100010000110111000000110101001110111010100000100
3715.44  156 101000100100000001010010100101010000010101100011010100100011110110011100000100001101101010111011001111100111000100100011001001101100110110010110010100000010
3661.43  156 001101101101011000111110101101100000010010011010000111001101001101011100000100100110110100110010101101000011100000010100110000100101100010010100010100000010
4286.37  156 100001000110000000000000100101100000100001000011001101110110010100111010001000110100110100100001011111010100000100001100011111010100000000101100010100000010
4146.38  156 011110110001010001001000000111100001000101110110111000101001000000011001010000100001000010101110000110110000100000100100111100000101001001001111010100000001
3829.45  156 001001100111010000000111000101010000100100000100011111100100100001001010001000001111011101110101111010100101000100100110011010110010101111010111110010000001
3349.47  156 001111000100011011010110101001100010000000011111001000001101101101001100010000101100111101101111000110100100100000001101101111101011001110011101110100010000
3408.47  156 110001111001010001110110100101010001000100101110011100100110100000000010001000011111101111011100101101100111100001000110000001101101110110100111110100000010
3951.39  156 001100100110010010010100110001100000100111000111000010101010100110001100010000111001111100000100000010001100000100010101011110001000111100001111000001001000
3942.37  156 011010010101010101001000000101100010000000010101101100010100001101100001001000001100001110000101110111000011000110000011000000111010111001100000010100001000
4163.43  156 011001110111011000000010001101100000001001100110100101111011010000011010010000001101011011010111010001001001000100001011011101011011000000001111010100000100
3738.33  156 010001100000000001000010000001100010000100000000011111111001100001001100000100101011000011000101100000110000100010000011001101010100100010101000011001010000
4750.37  156 010000000000000001000000010000001001000001110011101000000010010011001100010000111101011110111100001101110010000110000010100011011110000010011111110010000010
3070.46  156 101111100100011110100110000001010000010111001000011001101111111101110000110000101010110000011111100001110101010000001000000011110011010000011111110100010000
3281.35  156 000000000000011000011010000001010000001110010100011100111100101001001100010000001100000100010011100010100100010000001011111101010101000110000111010010000010
3576.37  156 000100000101000000000000100001010000010100001010010100111100001000001100000001101111011100111011011011000001010000010110010100001100001001101111110100000010
4154.38  156 011001110100010000101100001101100001000010100110001000011100101010000010010000010101000001100011011111100001000100001001100010000110110101001111010100010000
4481.41  156 010101101010001000100110001100100010000000010000111111011100101010111001000100011010001010011111101011001110010000010100000011101001000001110001010100000100
3837.47  156 011100100011110000001001100101100010000000100111010110111111011100011100010000001001110111111011110000100001000101000000100111101111011101101100110100010000
4173.42  156 110001100110010101111010000001100000001011111011001001101101111011101100001000100000110110000010111000010011100000001001001000000111100001101110010010000100
3903.33  156 111000100101010101110000010001010000001000000001111001100010010010001010000001101001000000000101011000000100000100010001001010011000011011010001110100000100
3618.47  156 101101110111010000111011110001010000100111111101001010000101100001001010000100101011100000010011011011000101100001000111111101011110100101101001010100000100
4260.35  156 011001101000010010010100000101010000100010011001110110111001001010001010000100010000001100011000100011100000000100001000011101000010001000001101110010001000
3928.46  156 011101110111011100001011100101100010000011101000001001000100001001101100010000001101111111110111101011000011000110000011110000011100100110100100110100010000
4079.46  156 011011000111110100101110000101010000010110000001111111011101000000111010000100111000111011111011111011000110010000010100000011111100011001000100010010000001
4107.42  156 011010100001011001010001011101010001000011010001001110000010110011011010000100101001001110010010111011000110000101000100011001101100001011100011010010001000
4770.4  156 011101000110001000111110000001100000001000111010010010010100101110101100000001011011110011011101101100110010000100001000011001010010010010011000000100001000
4875.44  156 011011110100000000000010001101100000010111111010110011110000010001110010000001011111111000101011100010110001000100100101110011000101111100101100010100000001
3848.42  156 110111101101110001100010000001100000001110001111000001110010010000001100000001100101101000101111010111000010000100001011010101001010000111010011111010010000
4094.44  156 111100000100001011100001000001100000001101101110110001011101100110110000110000100001011101010010111100101010000100001101100010001101110111010111010100000010
4850.42  156 000101011000001000000110100001100001000010111111011111010011100011001100010000110110101001010011100110100111100001000010111010011000010000011100010100001000
3918.38  156 010100100001011000000011000001100000100101100101010001001101110010001001000010101011100111100101011100001100000110000001111000010110001010010001110100000001
4185.39  156 011001100111011111110110000001100000100110100100100011100001100011001100010000010011111111111010001001001001000110000000100010101000000010000000100010010000
4490.32  156 000000000100000000000000000001000100100001100110011101101110000000101100001000110011111101001111000010000101000100010001001100110010000010110000010100001000
3574.44  156 010001000000100100001000110001010000001110100001010111100001010111001100000001010011100111011101111111110111010001000110100001001110111010110100100001001000
4022.42  156 111000000101010101100000100101100000010011011110010010111100011000001001000010011010001100110010011011010001000100001111001010001100110110110110110100000001
4007.46  156 101010100101010110111000001100010000010100101110100000110011011101111000101000101011010101000101100010011100000100001111110111100100001100111111010100000001
4363.41  156 001001100001010011000111100101010000001011011100011011001011000001000001010000101001010110100010100110010001100000001101101100100110010110111101010100000010
4167.44  156 010101011001010110111011111101100010000010001111011001110000110011000100000001101011011001111101100011111010000100001000101010000001000010110000010010000010
4074.38  156 000000000000100000000000000100000101000011010010110111110011001100101000110000111111001011010010100100000110010000001001010111001000111111011110110100010000
3946.39  156 001100100101010001011010000100010001000000100101001000011001110111101010010000101010100101010100011111110000010000010000001110001011011100001110010100000010
3848.44  156 000100100111111000001000111101010000001011111101111000011101111001001100010000000010010001110010100001011001000100010111010010011111110110100010000010000010
3893.41  156 010010000101111010011100000101010000001000111000111110100100001011001010000010101011000100100010001111011011100010000111100010000110101110000010110100010000
3454.4  156 010101011000000110100100001110010001000000100011011100000101110111101100010000011010100000110011010001110110010000010110001100101001011110000001110100010000
3882.42  156 100110110101011001010010100101100010000110000011010111000010110011110001001000111000010111000011100010011000000110000100110011000011010010011110010100000001
3533.46  156 010001011011011110111010001101100000100110101001000101110001011001101100000100110000100011001011111111001111010000010110011010110000010100110001010010000100
3435.43  156 010001000010000001001001000001100000100011001111010110000000000111001100000001110011000011111011110010010101100000010101001110010111101101111111111001000010
3811.37  156 001001100100000101000100110001010000001100100101000100011011111000001100001000110100100000101010011000101101000110000110011010011011101000110000000010000001
4020.47  156 110001100111011001100000111101100000010111010001101011000011110010001010000001010101111010110111111110011010000100001000110010011011000100011011110100010000
3392.43  156 110011110000011000011011000101100000100010001001101100111101000010000001010000101011010101110111101000110100100000001101110000010010111011001110110100000010
3936.47  156 110011000011011100110110110001100000001000110001101101001001010110001100000001001100010111011011110001111110000100001111111010000111111010010011110001010000
5516.37  156 011001000110011010010100000001100000001010011110100101000000001111100100000001110001001000010110100010000010100000010001111001101010001111110000100010010000
4185.46  156 111001110100010000010011100101010010000110011110111011101110011111001010010000110111100011010011000011100010000100100000000011111011001111100100100010010000
5117.47  156 010011111110011000011010111101100000001100101111111100110111011110000100000001010100110001000011101011011111000101000001000011001111010000111100010010010000
3921.47  156 110000111100011111011010000101010000001111001101101010101011011110101010010000110100011111001010001001110010000100010100101110100000110100110111110010000001
3902.46  156 001010000110010101011001010001100000100101111100011111100011101010001100000100001101100100101000001011101100000100010011111000111101111001110011110100000010
3846.46  156 000110101101011000011010000101100001000111111110111000011111001011101100010000100000001100001110101010001011010000001110000100101111011111101110010100000100
3393.35  156 010100000010011000100110000001100000010001000011001011000000010001001100000010101010100011111101000100110111100001000010111000010110000000001010101000110000
4087.4  156 000101100100001011000110000001100000001010101001111110000100010001000100000001101111011011001110111000010000001000010101010100010011001111001011111001000001
3546.43  156 010101000001110110101001100010010010000110100001010111100001010111001010000010110001101001010010000111100100000110000011011001111010101111010110010100000001
4135.42  156 100001110101010100001110100101100001000000010010001010111111001001001100010000101011010001011000111010000101100010000111001010001100110110110110110100000010
3910.49  156 111110100101011001111111111100100000010000100101011101011010111001100010000010111010011011100011111000110100100000010010010001100011001111111110010100000001
3440.44  156 100001110110010001001000001101100000001011110111100101000101101111001100000001011110110010100001000101101101000100001011010101101011100100100110100010001000
4657.43  156 001101100101010001101110110001100000010001111100101010101011011010001100001000100001110000000100101011100110000100001110011100001011010111010011100001001000
4256.42  156 010101100110000000110010000001100001000010101000010111010110110111100100000001001000100111001010000001101101001001000100011010111111110110000111110100000010
4254.33  156 000001100000011100000000000101100000001010011000110001011011111000101100001000110111000000010000100000101100000100100100011000100010011000100011110010000010
3586.45  156 110101100110011000100111110001100000001011111101111000011101111001001100000001000010010001110010100001011001000100010111010010011111110110100010000010010000
4030.39  156 100100010111011011000010000001010000001000111000111110100100001011001010000010101011000100100010001111011011100010000011000100010010001011101001010010000010
3560.39  156 011001000000011100000010000001100000001000100011011100000101110111101100000001101110101100001001110000101111100000010110001100101001011110000001110010000010
4166.4  156 000001100001011010110100000001100000100000001010111110111101001011001100001000001110111001001110110001010100000100100101100111101000010000011001010001001000
3110.44  156 010101010011010110101000100001100000100110101001000101110001011001101100000001001010011101011111100100100100100000010110110101101111001001011100010100000001
3333.38  156 010101011010001000010111000001100001000011001111010110000000000111001100000001010001101100001011101110000011001000010011000001101000001011001101010100001000
4099.4  156 000001110101010000001101000100010000100100010010110111010101101111101001010000101100011000100100010101000010000100001000100010100111101101011110110100010000
3828.43  156 010001011101010000101110100100010010000010101001001101010100101000010010010000101110101111101100100001011111010001000110111001100100110100111000010100010000
3449.42  156 111000100001011001111011110000010000001101100111100101011111011111000100010000101001100001000010010011011000000101000001010101000010100010110001110010000001
4007.4  156 000010110011010000000010100101100010000111001110001101011100100111000010000001011110010000010110010011001001000100010100111011000110010111011000010100000001
3400.44  156 001111000111000011000010011001100010000110011111110011100001001011001100010000111011010000010001011110010001000110000100111111110000101001010011010010000010
3609.39  156 011100100110010011000000001101100000001010101011110111110100000110001100000100010011101001010100100010010000100001000100010010100111001110101001100100010000
4998.42  156 010001110000110001100010000001010000001100111111000111010100101011000100000010111011010101101110110101100010000100001001110101001010010100001100101001010000
3703.39  156 000010010100011001001010111101100000100001100001100010100111010110001100001000001011001101100001100000000100100000010101100010001101110111010111010100010000
3697.51  156 011110110111011011011010000001100000100010111111011111010011100011001010000001001001111101101010111111100101100000001101010110000111100110101110110001010000
3790.37  156 000001000000000001000000000000001000010000111110011000110011001111011100001000010011100100010010001010110101100000100110000100101111011111101110010100000010
3479.4  156 111100100100011000011000001101100000001001000011001011000000010001001100000001111100000111011101100011110111100000100010101011000000111001001100111000110000
3991.46  156 000011100010011101010011100101100010000100100100111101001000111110001010000001111010110101111100100110010011100000100101000101110110101110101001110010000001
4165.4  156 001111110010010100110011000101100001000000101101010001101100100011110010010000101111100110000010100101000110100000100010000101011010100000110100110100001000
4237.35  156 010000000000000000010000000000001010000110011100000100101100100111001100010000011000101110100011100000000111000100001010101100010111010110101111110100001000
6005.38  156 010100001110011000000010010001010000001100000000000001011011110100101001000010111011110111110101100010001100010000001110010000001100001111000011110010000100
3476.46  156 000000011110000110000110110001100000001011110111100101000101101111001100000001011011110000011100101001101001000100001101011111111000111011111010010010000001
4868.44  156 011001110101000110110110000100100000001010101010010011001101101100100001001000001010001000110111100111110001000100010100110101001110111010011110110100000001
5405.38  156 000100000110001000101000100001010000001011011001100010011001100010001001000100001000100111001010000001101101100001000100011010111111110110000111110100000010
3886.42  156 101001000100010110010010000101100000100101011000001100011111001011110100010000100001100001101101101100101110000100001101001011110101000010101110110100000010
3607.43  156 010001100111001000001110001101100000001011111101111000011101111001001100000001000010010001110010100001011001000101000111010010011111110110100010000010000010
4309.46  156 110111001110011101111010000001010000001011100011100100000001111110011010000010001011000111011011101000000111100010000011111101100100110110010101010100010000
3790.42  156 001101100000010001100010110001100000100011110111010111101100110110001100001000001111101000010100010000011101000100001001010100101110011010101100010000101000
3025.46  156 011111100111011000110000001100100000010110010011010111010000001001011010000001111000110111111111011000110110100000001100110011000011010010011110010100000001
3761.35  156 010000100100000001000001000001100000001110001111100100001000111110001100000001001000000011011000000000111101001001000110101001010001011010110001110100000001
3598.43  156 011100010101011110010000100101010001000011001111010110000000000111001100010000100010101110001101011100110111100000010110111110010010010011011000010100010000
3950.43  156 001111100101010101101011000101100000001011110011001001110111000101001010000001100010000000110010000011101110100000010000100010100111101101011110110100000001
3555.45  156 110011000111011101111101010000010000100011011000110110101001101011000010000100110010110101011101100101010000010010000110111001100100110100111000010100001000
6828.32  156 000000000010000000001000000000000100100001100111011100000110010001011100000010101100110111100100000000111110000100001010110101000110000010110100000001000001
3922.37  156 000000001001011101111110000001100000010000110001101101001001010110001100000001011110010000010110010011001001000100010110000001011000001101000010111001000100
4331.38  156 000100001100010010110000000101100000100000111010010010010100101110101100000100001001111010111010100101001100000100010110001110100101000011011010010100010000
4048.45  156 100011000111010001001110111101100000010101110100101100100001101111101100000100011000001110001110100010001001000100001001011111100011001110111010010100010000
4923.45  156 001101100100011101100000110001100000010101101010100100100111010111011100000010010100110001000011101011011111000110000001011010111100010101110110100001001000
3980.4  156 110000110100011001101100000001100000001001110011100001000011100010101100001000011000000110010110100111110010100000010001110010101001111001011010110010000010
3939.42  156 000000100100001000000010000001010000100010111111011111010011100011001000110000001001111101101010111111100101100000001111010101000010010110100101010010000010
3944.37  156 011110100100000011010010000001100000010000110000101110001010011001001010000001101001011010101100110110000001100000010001011100010000100100000110111001000010
3329.43  156 110001100110010110100100110001100010000101111111111001000001000010001010000100101001110011010110000010110101100010000010101101011100000101110110010100010000
3597.47  156 111101000111111101111101110001100010000000100000111100001001101001001010000010110011111101001111000010000101010000001101000101110110101110101001110001001000
3940.46  156 110111100011001001101001110001100010000110100001010111100001010111001010000001110001101001010010000111100100000100001110101111001110000001011111111000110000
3871.46  156 011011110101011001001011000100100000100000001010011111111000110010101000101000000001110110011011101101101001000100001111001010001100110110110110110100000010
5875.37  156 010101100110101000000010111101010000001100000000000001011011110100101001000010001100100000011010101100100101010001000110010000001100001111000011110010000100
3816.4  156 010110100110110101100011000001100000100000101011010001101100010001001100001000011011010001100001010110100100000100001100010010001111101010101100110001010000
4680.46  156 110001100011011011100100100101100000001000000101010100110000101100111000100010111110011111111011100000100111100000001110011101001010000100111100111100000001
3826.43  156 000010100110010111100111000101010000001111000101000000011001000110001100010000111001100011111101001000100110000100001001010111001000111111011110110010000001
4568.36  156 010000100100010001000000000101010000001000001101011101001010100110101100001000111111010011010000101000000010000100100110110001010110001010101110000010001000
3732.39  156 010010000100100010001010101001100000100011111100001101010100011101001100000100100001100001100111100010011111100000001001001010000100110111010100010100000100
3030.44  156 001101100111011010000100110000100010000001101111001101001001010001110010000010101110000101001011100000110101010000001011011111111110010010110110010100001000
3255.37  156 000001000100000001000000000001000100010111001001000110000011110111101100000100111010100101000011110000100111100000010101000111010100000111101000110010000100
3922.39  156 000010000110010110010110100101100000100110100000100110101010110010000001001000011001011010000010011101010111000100001100110011000011010010011110010100000001
4601.42  156 111101100100011000000010000001010000001001101100111110111100011011000010000001100001001111100011001111010111000100001110011010110000010100110001010010000100
4223.4  156 100100011001010010001010000101100000100111000111010001101010111110011100000010001010000101011100010010000110000100010110111110010010010011011000010100000010
3844.37  156 000000100001010111000010000101010000001111100010100010100001010010001010000010000100000110110101101010110100100010000000100010100111101101011110110100001000
3953.4  156 001001010100000001100011001101010000001000100100001111000100111111101010000001101100110100101100101100011000100000010000110010011011000100011011110010010000
3875.39  156 100001000111011010000100010001010000010010110101001101010000110010001100010000010000011111000110011111111001000100100111110110100100000000000001110010000001
3410.35  156 000010000000000000010000100001010000001000011001010110100001100111001100000010011111000000011101000111000111000100100101101001000001100011011101110100000001
4162.4  156 001001110111000111011000000111100000010110100011101101011101000001000010000001100000110110000000010011110101000101000110001111001000010111001000110100000001
4006.46  156 010010100100001101001001100001100010000110100101000000111011001101011010000010001111101101110010001001110110100010000011111110110101111111101100010100010000
4251.44  156 010011100110011111110000110001100000001101100001011111110010101010001100000100101100011110111110101100100100000100100000101111010000000111100101000001010000
3923.37  156 010101000111010010011101100101100010000011101001010010101101010011001001000100011000000000010010000010000010000110000000101001101000111100011001110100001000
5690.39  156 110000110110010011010010001101100000001011010001110000001001101010000001000001100110110011011110011001001000000100001010100100000010110110001101110100010000
3915.34  156 000000000100000000010010000101100000100000101101001001100011100010101010000001111010000000001111000101010100000100100110110100011001011011110000010100000001
3739.38  156 011100000010000000000000010001010000001011110001011011111110000011001100001000001010110000001110011000000011000110000101100011010010111011110011110010000001
3565.46  156 000101100110111000000001000001100000010011111001110111011110111111001100000010000001100111011010111011111010100001000101010000111011100010101100110010000010
3792.44  156 010101100100110010111010110001010001000011111001010010000100001011001010000010001110101001100111011000000010000110000001101111010011001111111001110100000001
4945.42  156 000101100110011000001000001001010010000001010111101001111111110011001100000001111111100000100111100110111100100000001100100110000010000001011111000010010000
4125.41  156 001100000101000101111001000101010010000101101001111100110000000110001010000001101000101101000011100111011001000110000100110010011000111011110000110010001000
4035.42  156 100010000101010101010010100101100001000100011010010111000111010101010001000100111110110100001110111101101010000110000100011000000110100110100001110100000010
3079.45  156 001100011010010100010010110001100010000011000111001101101100001111001010000001100011001101011011011010110100010000001010111100001110100100111011111001010000
3724.45  156 010001000111011100111011000111010000010000101101011111011001111110000100010000000011001100000011101110111010100000010100111011101101101101000000010100010000
3858.44  156 111100000111111001001001001101100000010100111011110000001001000110001100000010111001001111001101101000001011000100100100011111100001110010111000110001000100
4932.31  156 000100100000010000001000000001010000001010110001001010000110010001011010000001111000000101010111100011000000100000010000000101111111000000000010110010001000
3935.46  156 000001100101011111110010000101100000010110001111000000101111111111001100010000110001101001101011111110101011000100001110100110101010010100110000010100000001
4216.38  156 110010000100010001101001100101100000010110001000111101100010001010011001010000111000001000001111100000010100100000001001111011000001111000010100110100000001
3960.4  156 011011100101010001100000001101010000001010001110010010011000111010001010000100110100100110001010011001000110000100010101110010001001100111101010010010001000
4189.33  156 000100000000000000010000000000001000001011100111000100001111001011000100000001100000001001111000100011101010001010000101110011000011100111101100010100000001
4383.44  156 000000100100011000011110100100010010000011100001100101100111010000001100000100111011101011100011011110000100000101000101011100111110111011101100110010001000
3960.47  156 011011100101011100010011001101100001000100101000110010011000101011011100001000010010000110011011011011110011000100100101001110101001011010111111110100000100
3971.26  156 000000000000000000000100000101000101000001000010000000000011110000000100000010001001100101110100100110000011100000010000011100001001100111000001010100000010
3969.44  156 111101010100010110000111110001010000001000000111000110010001101011000001000100110001001111111111000011110111001001000101011110010000100010001110010100000010
4059.37  156 010001110100001000000010010001100000010010001101000000100110010011011100000010001110111010111110000100010111010000001000011101101010100000011000010100010000
3690.39  156 011101100110010001010000000001100000100011010011001100011000011001101100000001111100000010100001010001000100100001000100001101101001111110101110011100000010
3854.49  156 110011010001001101001001111101010000010001100011100111000111101111000100010000110100001111000101101011011100000100010010110111111001111111001110010100010000
5580.38  156 011100000110000010010110110001100000001000100000101110001100001011101001000001101001101000101000110110010101010001000001010010110001100001101100011001001000
3630.44  156 011111100111010001101000111101100000010011101001010010101101010011001100000010100001110100011011000000011110000100010110010000111001000110111001010010000001
4126.39  156 000001101000011100000000000101010000001101100100001100001011010001101100001000000101011110110001101001111100000100010100110111011000100110011110100100010000
3599.4  156 000001110111000100001010010011100010000000110011100001010111011011011010000001111010000000001111000101010100100000100110110100011001011011110000010100000001
3979.45  156 000000100110011100011000100101100000010011101111001110110011010110001001010000111110100000011011110110001110100000001101011010111100011010011000110100000001
3894.44  156 000001110100011011001110000101100000100111101000100101110100000110001100001000101101110111010001101001001110000100001010011111110011110000000110110010000001
4531.42  156 010111011110011001101110110000100000001010001000101011000110010110101100000001001110101001100111011000000010010010000110100100100111110010101000001001010000
4915.42  156 000101010101000110001001100000100010000000001000010110110011001011011010000001110111011110011111001111001110010000010110100011100000010100101110010100000100
3977.41  156 000001000001000000001010000001100000001010011111011010100101111111101100000001111010001010001110111011001001100010000100110010011000111011110000110100010000
4365.3  156 000000000010000000001000000000000101000110110011011001001001110010011100000001001010110000110101100000000000010000001100011000000110100110100001110100000001
4027.4  156 011001000111011101001010000001100000100011000110100111110001001000111001000100010100001100001000101100010010100001000011000111111100100011100110010100001000
4274.44  156 011010100101011111110011100101010000001000001111000001110011000111000010010000111110101011000001000010110101100000100111000010111100110000010111010100000100
4309.35  156 001011010000010101100010000001100010000100011110010000110011100010110010010000111001110000010110000100101001000100001001001110000000001100110100010010000010
5526.4  156 010010000110000100110010000001100000001011100011110100100111001010000001001000100001110001010000110111111011000100001010010111111000001010111100011000100001
4520.42  156 010101101010101101100001000001100001000100111011000110111111010110101100000001111001010000110110101101010000100010000011000000010000101001101001101001010000
3899.39  156 001100000100011110010100000111100000100010111101001100110110000111001010000001001101101000101000110100110110100000001001111000100001001000101000110100000100
4055.45  156 011111100110011111011010000001100000001010001110010010011000111010001100001000010011110111100000101111000111100010000011011010000110110011001100110010000100
4117.46  156 000110100111011011101010000001010000001100110001100101101101001100111000101000111011100001110100011110000010000100001111100011010001111101101001110100000100
4272.46  156 010011000101011011110010110111100010000011100001100101100111010000001010000001101100011111110011101011111010000100001110000001110100000110100111010010000001
4392.34  156 000000000100001000000000000001100000001110010100001011111001100111001100000001011100100100001010011101001111000101000100101011100010000000010001011010010000
5013.36  156 000100001110011000000010001101100000010101110011001001100110000001000100000001111000100001000100101000000111000110000001101001001111010101101001010100000010
4444.39  156 010010100101000011100100001101100000010001111100010010110100010011100001000100101000110000000010101000110101100001000100111011010110000101101110010100000001
4247.46  156 101101000111011110011111100101010000001100101100101010010101111011011001010000101101000000110101000010001100000110000010010001011100011100101111110100000001
4421.46  156 011001010110010111010110000101100000100100010101101011101110100111001100000010010001101011110100001010111010000100001010111001111001101110110000100100000100
3901.42  156 000110010011010111111000100100010000001110100111001100110100001101010100010000001001100001000011110010110101100000100100110010001110111101001000110100000010
4680.45  156 010101000110101100100110000101100000001100111101111100100110100000001100000001110100001101101101110011000101010010000110011000011010111110011101110001001000
4183.4  156 110001100001011101101000110001100001000100110010111010100100110110001001010000110000100010110001001111001001000100001101100001111100100000100001010010000010
5693.37  156 010100000000000000100000110101010000001100000100111111100101100111100001000100001111100000011110001000100100100000001010111010100010100111100010010010000100
5525.43  156 011101101101100001100110010101100010000110001001100001011101111011000100000001111010010100010011010010010100010000001110110100011001011011110000010100000010
4203.43  156 100001010110011100000011000001100000100011110001011011111110000011001100000100011010011011110010100110010001100000001101011010111100011010011000110010000001
3817.44  156 000101100010010000011100111101010000001011101111000000010010111110001100010000010011110111001000101010010001010000010111011000011110010101001111101001001000
3984.46  156 101110101101010011101011100001010000010100011101011100110001100001011010000010111000110001000101000100110100000101000001101111010011001111111001110100000001
3919.43  156 101010010100100001000000100101010010000111111100000101000110001111101100010000111111100000100111100110111100100001000111111100100110000011010000010010000001
4445.34  156 000000000101000000000110000101100000010010110010100010101011011000100100001000111001110101000010101110000101100000100010000000010101110010000101110100000001
3787.45  156 001101100110011001011111110111010010000110000011110111101100110111000010001000001010111010001010011100110100000100010100011000000110100110100001110010010000
4244.37  156 000000100101010111011010001001100000100110000000100010100000011001001100000100100001011010001010010010011001100010000000100111011011011110100111010001000100
4434.42  156 110000000110010101111010001101100000001010101111000100010110000011000100001000010100001111010010011110010110010010000010010011110001101100011111011001000100
3906.46  156 011001110101011011011110000101010000001110110101001001100100000100011001010000100111001110011010011000111111000101000011011011001011010111100000010100000001
4245.41  156 000000110100000001111010001101100000010011100010011001100011111010001100010000000100101111101000010110111001000100001100010100110101001110101010110001010000
3897.37  156 001001001000010100001100001101100000001000110111000001011111001011001100000001001101001110100100001100100010000100001110100110101010010100110000010010001000
5942.48  156 110010000101001111111111100111010000001010111101001100110110000111001010001000111010000011001101101101010111100010000111000111001110001010000011110100000010
4176.42  156 000001100001000100010000101001010000010100101010100101101001111101001100010000111001010101100000001000101101000100001000111111010100101111110111110100000100
4000.44  156 000000100110010101101100110001100000100001011011110110010101111001000000110000111011100001110100011110000010000100010111100011010001111101101001110100000100
4130.45  156 001001000101011111000010110101100000010111100100001111000111000011101010000001100010101010111000101000000110100000100101011100111110111011101100110100000010
5553.42  156 011110100100010001111010000001100000100101101011110100111100001110111010010000110000011010000010110001000100100000100101111111000100110101000001100000110000
3982.42  156 001110100111000000011100111101100001000101110001001100000010100001101100010000001011110010101100010011111100010010000110111011000111100000010010010010000001
3996.44  156 011001000110011111010010110001010000001010010110011110101101100110001100010000101101000111101001110110000110010000100010010010011100000011000111110010010000
4169.35  156 000000000000000000010010000001100010000000011001010110100001100111001010000001101000010000001111100011011001000100001101101000010100111110111111010100000100
3584.46  156 111111100011011101011010111101100000100011010011001100011000011001101100000100001111000000000101101100110111100010000000000111101101101110111000000010000010
3881.45  156 011000100001010001011001000111100010000001011011110101101111100000011001010000100110111011010011100000011110100000010111010101001011101011100110010100000001
3912.37  156 001100000011010000011010000101100000010001000001010100000101011010110001010000110010100000011011101011100110100010000110101010100011011001010000110100000100
2916.47  156 111011100001011110001111000101100000100110101111001011110000101110101000100010101110110101000110100011110111100000010100110100010000001011011000110100000010
5191.35  156 000000000011010100111110100001100000001001000110000000010000111101110001000100001001000001100001000011010100000100100011001010001111111110010100010100000001
5520.41  156 001111100000011100110011001101100000001100000110011101010000111011111001000100001001100110111110000100100001000100001110110011100001100101000100000010000001
3442.44  156 010010001111011110010000011001010000001011110001011011111110000011001100001000000011011000110010100111010001000110000001110011010011001111101011010010000001
5476.42  156 010001001100011101111011001101100001000100100111001110001100011001011001000100100101001111101000001001000001000101000001100100101001001100110001111001001000
3406.4  156 011010100001011001001000000101100010000111110111000010110000101001101000110000101011000001110001110010000001100000001110110001010110111100000100110100010000
3436.38  156 000000001000010000000001000001100000001110111111010110000110110001001100000001110011110100101001011110110101000100100000001001100101111110000010010100000001
4090.44  156 100110111110011110011111010010010010000011111101000100000111111011000010000100011101010000111011011101000001000100010111000100100010101000000001010100000001
3896.34  156 010000000001000000000010000000100010000100101011010011100101101110000100001000000100101011110010111000110011010000100100011000000110100110100001110100010000
3310.46  156 011011110001010000001110110101100000010100100110100110010000101101111000110000100011001101011011011010110100100000001001111101100010011100101111110100001000
3848.35  156 000000000001000000000100000000001000100010101111000100010110000011000100001000111111100011011101110001011011010010000100001010001111000011001110010100001000
3591.4  156 101100100101010101000100000101100000010100000110011100001011110111001100000010001111100110001101000001110001100010000110000000101111000001101001110100000001
5493.44  156 101101000110010100111110000001100000001010001101101001110100110100100001010000110011000011010001110100110111000100010111011000111011100010010011010000100100
3347.42  156 010101101110011011100111001111100000010011110101011100010011001110001100000001001000101011111010010000001100100010000000010100110101000010001011000000101000
4236.4  156 001110110000010000011010100101100000010010111101001100110110000111001010000010001000010101001100110001011101000100001001111011000001111000010100110100000010
5378.43  156 010101110110001001110110110001010000010110011111100100010010111111110100000001011001000000010010011011001100000100001100011010100000010010100111011001010000
3989.33  156 010000000001000000000000000000010001000010100010011110100110010011000010000010101010001001110010010000110100000100001101110011000011100111101100010100000010
4018.4  156 100000011010000100010010100001010000100111001111111100000000001001011100010000100100000011110000100101000111010000001001111010110110111111110100010100010000
3955.38  156 000100100101011000010110000000010000001100101000110010011000101011011100001000111011001000000000000101000100000101000101001110101001011010111111110100000100
3854.41  156 111110110001010101101000001101100000001101110001001100000010100001101100000010111100100001001011000110110100100000100001110010001001110011011010010100000010
