1387.4  78 010111110111100000101111010000100000010001101010010000000101101011000100000001
1381.32  78 110000100101011011100001000100100010000101000000000100000100010110101000110000
1365.29  78 000100000100010000100000010000010000100110001011000101000111001010011100010000
1423.42  78 111000000101001000111111100101010000010111000111010110000110001001001010000100
1426.32  78 010000000001000000100010000100100001000011111001010001110110011001100100001000
1400.4  78 001010100101010001010101010100010000001110010101011001100010101011010100001000
1410.49  78 011101100100011001100100010110100000010011111111011100001101101011110100000001
1428.31  78 000100000001010010001000100100100000010110000011000000010011011111100100000001
1392.36  78 010100100110011000001010100100100000100010000001000101100100111001111100000001
1353.37  78 000000000101010001100011000111100000010001110100110101101010100011010010000001
1412.44  78 000000000101011001111010110101100000010010001111110100111110000111100100010000
1407.35  78 100000100101010101010110000100100000001100000001011100101010001011010100000001
1357.35  78 011010000100010001011010010000010000010010010001010100011010011010011100010000
1339.41  78 001011000111010110001110010110010000001100001111110100010110000010010010000001
1396.32  78 100100100100010111111100000100100000001001011000001100000000100011000100000100
1347.41  78 011010010001011011011010000101100000001001100101010000111011100011010010000001
1347.46  78 001001000101010000111111000100100000001110101101011111000100111011111100001000
1401.36  78 100010000101010111001000000001100000100101001011001100010000100111011100000010
1410.36  78 010010100100010110000100000100100001000010010000111110001001010111011000110000
1690.38  78 010100110101010100000001000001010010000001001011111110110000110111000010000001
1344.35  78 000000000101011101100010000101100000010100100000011011000011011010011010000010
1423.38  78 000101100101010111101010001100100001000011101001100100110001000011000100001000
1411.35  78 001010000101011000011011000101100000001001110110000100001100000011001100000001
1414.33  78 000111000100100000100010100100100010000110011010011100000001110001100100000100
1349.36  78 010010000101011000000000000100100000010010100101011101011010110010111010000001
1430.21  78 000100000000000000010000000000001000010110011001000001000000001111000100000001
1388.38  78 100100000110010111100100000101100000001110111001100001000001100011011100010000
1351.36  78 011100000001010000001000010111010000010110001011000101000111001010011100010000
1422.41  78 011100100110010001111100000100100000100010010001010110001001100111111100000010
1426.47  78 010001110011011101100010000111100000001011101111011101000111100011100100000001
1430.23  78 010000000000000001000000100001001000001010011001010100000001101001000100000001
1224.35  78 000000100011010110000100000111100001000100110000001001111000111001010000101000
1349.45  78 110000100101011111100100000101010000010011110111010100011110010011001010010000
1405.35  78 010001100110010000100010100100010001000010000001000101100100111001111010000001
1554.35  78 101010000101010000000001100001010000001111000011000110000001100111101100000001
1362.41  78 001000010100010011110000110101100001000001110100011100101111010011001010000100
1402.35  78 011000100101011011011000100111100001000000000011000011001000010000011010001000
1375.37  78 011001010100000100110110010110010000001010001001000101000110111010010010000001
1337.4  78 011010100101110100001010010110010000001100001111110100010110000010010010000001
1324.42  78 011010011110111100110010010101010000001110000111010101000100100011000100010000
1367.4  78 100001010110010010000101000100100000001100101111111101111001001010000100010000
1388.44  78 110110100111010100011010110100100000100001001010111001000111111001000010000010
1558.37  78 011001000100010101010100100101010010000001101000010100001100101111100010000001
1362.31  78 000000000000000000011010000100100010000100111111011001100011000111000000110000
1404.36  78 010001000101010010101000100101100000100000100110010100100111000001111100000001
1347.36  78 001001100101110100000010000101100001000010111101100100110011000100000000110000
1369.31  78 011110000100000010010000000100100000001011101001100100110001000011000100001000
1425.36  78 111001000100011010000101100100100000010000000110010101111110000001100100001000
1339.44  78 011011100101011110011101100111010000010001100111000001000000001101011010000100
1380.47  78 110000110100010111011010110111100000001011100111001111100110010011000100000100
1350.38  78 011000100101010111100100110101100000001001101010010000000101101011000100001000
1422.41  78 011001010111011001000100100110100000001010111001010101101000111000010100000001
1411.35  78 101110000001000101010011100000010001000100110010010100000010011111000010000100
1415.44  78 011001101100011001000110111100100000010010010001010110001001100111111100000001
1333.49  78 011110100001011001111010110001100000001011101111011101000111100011100100010000
1335.35  78 000000000101011001001010000101100000100110001101010011110010101010000010000100
1373.4  78 101100010101010001111111100100010000100100001001001000001000001101111010001000
1446.32  78 001000000110010000000100100100100010000001111101010110001000000111100100010000
1351.35  78 001111000101011001001010000101100000001010011000000001010001101011000010000001
1390.33  78 110000110110010000011000000101100000001010010010100100100001010110010001000100
1352.41  78 000011100101011001111010000001100000010111010111000001101001001011001100010000
1358.31  78 011000100101010001001000000000100000010100000001011100101010001011010100010000
1409.41  78 011010000101010111000010000101010000001111011001001001110001101111000100010000
1338.42  78 001100000101011101101110000101100000001110000101011100100010100011111100010000
1452.37  78 100001000101000110000110110100100000100000110101011010101100011001010010000010
1450.26  78 000000100000000000100001000000100000001110000001000100011110010111010100000001
1430.42  78 011101010100010010101010100001010000001110000010010111100111001110011100000001
1388.38  78 101000010101100101101001000001010010000101001011001100010000100111011010001000
1360.4  78 000110000101011001101110110101100000010001110111000000001011010011000100010000
1413.38  78 100000100101010001011011000001100010000101101111110000101001000001011100000100
1405.27  78 000000000000010001000000000111010000100110000001010001100000101111100010000010
1430.44  78 010001110101001110101101110111100001000011101001100100110001000011000100001000
1420.4  78 010001010100010010111010010100100010000010100001011101010001100011111100001000
1334.44  78 111100100101011111111100100101010000010001100111000001000000001101011010000100
1359.47  78 111011100011111001011110110000100001000000010010010101101101101111010100000100
1430.21  78 000100000000000000010000000000001000010110011001000001000000001111000100000001
1416.38  78 011100100101011101000010000100100000100010111001010101101000111000010100001000
1337.4  78 001001100101010101001011000100100000001110001001110111111010000010010100001000
1422.46  78 111001100101010100101001100101010000001110111101010110110111001001000100010000
1409.38  78 000011100101010001001010001111100000001010011001010000000001100111111100010000
1380.46  78 111110110001111101011000000101010010000001110111001100101101101001000010010000
1391.46  78 011011100101010111001011110100100001000101110011000011101101110000010000110000
1422.41  78 101000110101110000010101000110100000010100011011010001011010100111010100000001
1371.33  78 011000100101011111000000110000100000001010011000000001010001101011000100000100
1337.38  78 000000110110010010010001000111100000010001110100110101101010100011010010000010
1407.35  78 001010100100000000010000110001100000001111010111000001101001001011001100000001
1356.41  78 011110101101011111010010000100100000010100000001011100101010001011010010000010
1354.4  78 100101100100011001110010010101100010000010010001010100011010011010011010000001
1348.41  78 111000010110010010001110010111010000001100001111110100010110000010010010000001
1321.44  78 011000100101010101001010000101100001000100111100100111000110111011011010000100
1356.41  78 001110010111010001111010000101100000001101000111010001101000001011001100010000
1349.42  78 100011100101011001000000010000010000001111110011011111101100110011000100001000
1738.31  78 001001000000000000100100000000100000010100101110011100010111000111010100000001
1399.35  78 011000001000010000110000000100100010000011011001001100001101110011011100010000
1420.37  78 101000000101001101010000001001010001000101101111110000101001000001011010000001
1397.4  78 111101100010011001010111000001100010000110000001010001100000101111100100000010
1363.47  78 110111110101110001010101100110100010000110000001011100110010100111110100000010
1400.45  78 011011100101110000001110110101010000001010100001011101010001100011111000110000
1359.45  78 111001000101011000100101110011100000001000101110100101001111101011010100010000
1413.44  78 010010100100010101111010000111100001000010101100111011100010001101011000101000
1417.4  78 001000100100011011001001100100100010000101111111001001000111000110010100010000
1360.38  78 001001000101010000100111000101100000001101101010000101100111011011000100001000
1367.36  78 011011100101010000000011110101100000010100001001110100001000000011001010000010
1403.46  78 011111010101001100011010100111100001000101111010100101010001011001010001000100
1427.29  78 000000000000000000010000000101100010000110110111110100001001001011001100010000
1403.36  78 101010100101010011010001100101100000100001010011010000110010100001000100000010
1364.37  78 010000000100110101000110100100010000001011011001000100010010111111100100000001
1367.37  78 000000100111000001010101100101010000001000000111010110000110100111011100000001
1426.45  78 110100000101011011101110100101010010000110001000111101110110011001000010010000
1465.26  78 000000000000000010000010000000001001000001100000010111111001000111010100010000
1469.24  78 001000000000000010000000000000000100010001110011110111011000000001000100000001
1376.32  78 001100000000010101001010000000100000001010110000111101101010010011000100010000
1428.32  78 000000000000000001000000000001001000010110110110010000101011111111011100001000
1417.33  78 011000100101010001100100100101100010000010010101000001111000101000000010000001
1403.37  78 101101000100010001001010100111100000010111110100000000000110001001011000101000
1420.35  78 100100000111010000000110100100100000001001001010010000001111111101000100000010
1403.42  78 011101100100011010010001100101100010000110101001011101000111100001001100010000
1363.5  78 111011100101011011101111100110010000001111100000011100010110101001110100000010
1364.37  78 000001100111010101001000000100010000001010100001010110011000111011011010000100
1412.37  78 000110000111110001111000000100100000010010000111000010001100111111000010000001
1335.41  78 011011100101011100110011000101010000001010010010010001100110001010011010010000
1361.42  78 000001000100011000010110010011010000010001101101011100111011111011010100010000
1405.44  78 001010010101010110010010100001100000100100111111100110011000010111011100000001
1362.44  78 000011110011010111000011110111100010000010100011010111000011110010000010010000
1400.38  78 111100000111011111000010000101100000100000000111110110000110110000000000110000
1429.38  78 011001100100010001000111100100010000001000100001011110001100110001111100000100
1404.47  78 001001000111011100100111100100100010000110011111010010111011101001011000110000
1362.37  78 001110100001010100100011010101010000010110010111001101010000000011000010000010
1414.36  78 011000100101010001000010100100100000001010011101011100000010000111110100000010
1351.49  78 111111110101010001001010110111010000010010001101010000111001111011100010010000
1571.35  78 100000000000000000001000000001000100001101111111011110000111001011011100000001
1396.45  78 100110010100010100011010100100100000001100111101100100110110101111011100000001
1361.45  78 110011101011011001010111100001010000001000000111010110000110100111011100000010
1413.41  78 011000100100011100001001100101100000100010001101110100010110011111001100010000
1413.36  78 001001000101010101100010100111100000001011000000010100111100010101000010010000
1469.24  78 001000000000000010000000000000000100010001110011110111011000000001000100000001
1374.32  78 011000000101011100000000000100100000010000000011010011100011110011010010000001
1362.44  78 111001010101011000111100000100100000010100100111011110000111101010010100010000
1523.35  78 010000100000010100100000000100100000001011111101110101011011000000011100000001
1370.41  78 001000010100011011011000110101010000001001011101011100101001100011001010000100
1402.36  78 001001100100011100010011000100100001000001011000110000001101101001011100010000
1419.32  78 000000100001010101001010100100100000001000001010011001100110011110000001000100
1367.37  78 001100110100010101100001100101010000001000000011100001101100001101011100010000
1369.42  78 010010100000010011011011110101010000010010100001010110011000111011011010010000
1417.44  78 000100000111010011111010110110100010000110101000010101000111011011010100010000
1357.32  78 000000000100010010010110000111100000001010010010010001100110001010011100010000
1398.33  78 010001010100001000001011100110010000010010100001010100011100001001010100010000
1415.35  78 001011000100010101010010000100100000001101101110000101001010000011010100000001
1458.32  78 000000110101000011100100000101100001000000000010010000111001110001011100001000
1391.4  78 111100110001011001111010100100100000100000000111110110000110110000000010000010
1363.4  78 000000100101000101100010110101100000100101010001111101100001100011101010000010
1470.41  78 001011010000010000111000110100100000010110101110101010011011011110000000100001
1356.37  78 001110100111010100000010010101100010000110010111001101010000000011000010000001
1410.42  78 011111010101011000011011100111010000001100111100100001100000010010100001001000
1415.29  78 000000000000000000010010000001100010000110110111110100001001001011001010000001
1364.4  78 010000100001010010100010100101100000100111100011010000010110011111011100000001
1360.46  78 011011110100010101110110100101010000001011011001000100010010111111100100000010
1367.37  78 000011100100000001010101100101010000001000000111010110000110100111011100000001
1365.36  78 001111100100110100110000000101010000001100100000010110010000101011001010010000
1365.33  78 011000100001000000011011000100010000001000100100111111001001110001000000110000
1338.33  78 011000100101011010010010000101100001000100101010001001010001100010000000101000
1412.32  78 000000100000010001010010100000100010000000011101010000111010100111011100010000
1371.38  78 011000100101111101001010100100010000001010101100110001110011000001000000110000
1384.33  78 011001110001000100001000100100010000010000100001001111000101111001000100010000
1270.31  78 011000100100010011000000000101100010000000010011001110011000010011000000110000
1412.44  78 001100100101010001100000100111100000100010011011110111001010111110010010010000
1410.37  78 011101100000010000000001100101100010000110101001011101000111100001001100010000
1274.27  78 000000000000000010000000000010001000100111100000011100010110101001110100000010
1375.42  78 110100100100010101100010110101100000010010100001010110011000111011011100010000
1411.38  78 010001100100001000111000100110100000001110101000010101000111011011010100000001
1384.42  78 101000100100010101010101100100100000100011010011010100011010001111111100000001
1415.47  78 011101100011000101010001010110010000100001101101011100111011111011010010000001
1418.41  78 001001010101010011001110100100100001000011100010010101001001011011101001010000
1411.41  78 111000000100111111011011100111100001000000010001110100100011000110000100001000
1415.33  78 011000100101010000110000000101100000100100101100110010000000110111000010000010
1402.45  78 011110100100010101001010000101100000010110110111100110100101110111000000110000
1418.37  78 011000000101001001100011100101010001000000100101010011101100110101000010010000
1356.42  78 010001100101010110101010100101100001000110000011011001010110001111100100000001
1410.42  78 011111010101011000011011100111010000001100111100100001100000010010100001001000
1399.37  78 000011010101010001011010010001100000100010010001111100100001101011000100000010
1406.33  78 100011000101001000010010110011100010000001010011010000110010100001000010000010
1412.4  78 010111100111010000111010100000100000010010111100010000110111100001000100000010
1361.45  78 110011101011011001010100101101010000001000000111010110000110100111011100000010
1408.44  78 111000100101010111011001100011100000010111011011100000011000001111000100000001
1403.37  78 001000010101011000011010100100100000001101001101101001100011000111000100000100
1361.4  78 010001100111011001001010100110100010000000110011011001101100000110010100000001
1376.32  78 000011000100010001100010100100100000001100110000111001011001000001010000100001
1407.42  78 001001100111000001010100010100100001000111111001000100011010110011111100000100
1428.51  78 101111100111011100000111100111010000010101101101110001000011001111011010000001
1363.35  78 001001000101011011001111000000100000010000010011001110011000010011000010000010
1413.32  78 011010010100010011000000100100100000001101000001100000110100101001010001010000
1396.32  78 010010100001000101001010000101100001000110110001001101100100000000001100010000
1420.35  78 000100100101011001100000100100100000100010110011010011011010000001010010000001
1413.4  78 011101000100000101100110000101100000010010100001010110011000111011011100000010
1358.41  78 010001100100000011111011010010100010000110101000010101000111011011010010000001
1465.33  78 000001000000000000000000010001000110000011111001010101110010011011111100010000
1402.4  78 011101110101011100001010100110010000010010100001010100011100001001010100010000
1374.42  78 001001000100010111011110110111100000001101101110000101001010000011010100000100
1349.41  78 010010100101011000110000000101100000001010110011010111100001001011111100010000
1348.37  78 111001010101010001001010000100010000010000110100000110101110011010010010010000
1217.47  78 001111110001010001101011000111100010000010011011001110011001001011111000110000
1516.42  78 111000101010000101010111101110100001000001001011011101001001000110001100000001
1401.45  78 101000100101000001111011001101100000100110010101011110110000111001011100000010
1362.44  78 010010100101011001110010110101100000001100110111011101001000011010001100001000
1400.44  78 110010100010011100011000100100100010000101111011010001101101111001100010000001
1433.41  78 011110100001111101011111100100010001000011000011000100101010011000000010010000
1451.32  78 010000000001000001000000000000001000010110011011011100111000011111100100000010
1390.41  78 000110110100110010101100110110010000001000110000001101010100111011010100001000
1419.41  78 101010000000010100011000100101100000100100110110000101011110011111011100000010
1364.44  78 101001010111010001000110100100010010000111010011010101000010111101011010010000
1368.46  78 011001110101010111101010011111010000001000101101010010110100000011011100010000
1434.51  78 011011000111010001010110100100100000100011111101011101001011111111011100000100
1390.51  78 011010000101010101001010110101100000001110110101110111101111111011001100000100
1363.45  78 111010001010000001010101010011010000010001111101100100101101101011011100000100
1370.35  78 011000010101000011000000010100010000010010011101001000111100110011000100010000
1300.41  78 100100000100011001101000110101100010000110011001000011111001010111001000110000
1449.49  78 000001000101011110101100100101100000010001101111111101110011010111011100000001
1431.32  78 001001100101010101100000100100100000001000111011011000010000001001000010010000
1434.37  78 011010100101010001000110000100100000010111110101000000001110001011100100000010
1369.24  78 000000110101010001100000000100100010000000101001000100100100000010000010010000
1408.49  78 001111000100011101001011110111100000010011010111011100011111000111000000110000
1443.36  78 000010000100001001100100100101100000001100111111010101011010010000001100000001
1443.27  78 000000000001000001000000000100100000001100001010011101111011110000000100000001
1385.36  78 001001100111011101001000000001100000010100000101001101000110100011001100010000
1430.37  78 011100000101000110001001000100100000001000100010111100110111110001010100000001
1414.38  78 010010100100011101001010110101100000100011000001011100100100010001011100001000
1362.33  78 000000100101010001111010110101100000010110010000001100100100100010000100010000
1475.42  78 010001100100111001000010000100100010000001101111011001001111110111100100001000
1365.42  78 111100100101010001100011000101100000010100110111011101001000011010001010000001
1403.41  78 000000100110010000010011000111100001000101111011010001101101111001100010000001
1384.5  78 011011100101010100100110100100100010000110110110001110111010111111101000110000
1363.47  78 001111100101011100111111110100100010000100000111001101101101000010011010001000
1360.46  78 111101000101011011001100010111010000001110111110010001011000000011011010000001
1391.27  78 000000000000000000000010000100001001000000001101010101111110010111000100010000
1239.41  78 001001001101011000111001000100100010000100111001100111011000001001111000110000
1425.5  78 101101100011011001011110000100010000010110011111011100001111011011011100001000
1368.42  78 000000000001011001101011100101100010000001111011011111010100111101000010000001
1379.33  78 111001010101010001001010000100100000001010100101011100000011000010000100010000
1423.45  78 111001000100011001111000100101100000010100010011101011100111011100101010000100
1471.29  78 000000000000001001000001000011100000100111001011000101101001100011000100000010
1436.38  78 010101010101000011001010101101010000001111101001010000110010000011000100000010
1402.36  78 100010100001010101011001100110100010000100110000000101111000001001010100001000
1405.42  78 010111011100000101100000010100100000100010011111000111111100101011000100000010
1381.42  78 001001110110011001001001110100010000001010110100110100001000111111001000101000
1515.36  78 100010010001010100000100100001010000001000110101010110100111001110001100000001
1425.44  78 001111000100010000000011110111100000100011010111011100011111000111000000110000
1426.41  78 011010110100011000010010100101100000010100111111010101011010010000001100000100
1451.28  78 000100000000000001000010000000100000001110111001000101110010110011000100000001
1440.38  78 010000110000011101001110100101100000001000101001010111001110010001001100000001
1363.4  78 111001100101010001001000000101100000010000011001010111111011001010001100010000
1452.45  78 001001110100010100001100110100100000010111111101010100011001110011101000101000
1516.38  78 010001100010011001010110100110010000001001001011011101001001000110001100000001
1433.38  78 011000000101001001001011100111100000001011101011000100001001110001001001010000
1312.37  78 010101110010000000001000100100010000010010010000011101111100111001011100000001
1415.33  78 010001010001010010111010100000010000001000001010000100000100011111011100000100
1430.28  78 000000000101001001000001000111100000100011000011000100101010011000000001000100
1451.32  78 010000000001000001000000000000001000010110011011011100111000011111100100000010
1363.37  78 000001110100010001100000010101010000010110111110010001011000000011011100010000
1425.38  78 001001100100010000101101100100100001000011000101000101010111101001011100001000
1345.4  78 110101000100011000011010100100010010000010100011000101100101110101011010010000
1417.41  78 000000110101010001111010000101100000100100101110001100110010010111011100010000
1376.49  78 000000110101011101100011000111010000010111111010111101011001111011000010010000
1420.41  78 101101110001011001001010100100100000100101110010011111001001000011000000110000
1395.35  78 011000100111000001000010000100100000010010001001011100101001001011011000100001
1370.41  78 011010000111010100110110110101100000010001010100011100011000101011000010000001
1433.36  78 010101010101010000111000000101010000001111101001010000110010000011000100000010
1426.37  78 101010110100010101000111100001010000010100110000000101111000001001010010000001
1371.45  78 110000100101110100011010110100100000010010011111000111111100101011000100010000
1426.42  78 001001110101011111110000100100100000001011110101100011010001100100010001000010
1504.46  78 111000011101010110011101100011010000010000110101010110100111001110001100000100
1437.33  78 100101100100010001100010000101100000010011000111000000000111001010001100000010
1424.5  78 011100010101010110111111110100100000100011111000001101100101101011011100000010
1423.49  78 111001100101011011010000100101100010000100011110001000011110111111111001010000
1383.28  78 000001000100000000010100100100100010000000100101100001000110101111000010000001
1373.44  78 010010100101011011110000110101100000001000011001010111111011001010001100010000
1349.4  78 010010100101011011001111000101100001000010000101000100100011110010011010001000
1518.4  78 111000100110010001010101100110100001000001001011011101001001000110001100000001
1228.36  78 011000100101001100100100110101100000100000101000000011110000100110011000100100
1308.38  78 010101011010100010000000100100010000100010010000011101111100111001011100000010
1449.35  78 001000110010010000000000100101100010000001011111010100011011000001101010000001
1433.41  78 010000000101011010000001100100100001000010110111111110010000011111011100001000
1216.32  78 001001000001011011001001110100100000010000010001000100010001011001001000100010
1353.36  78 010000000100010001001010010011010000001110111110010001011000000011011100001000
1477.32  78 100010110100010101010000000000010000001001000000010000101111101001011100000100
1381.4  78 100101100101000001101110110101100000001010000111011000000110001011001100010000
1429.41  78 011001110101010001010010100100100010000010100101010100101010010111011100010000
1357.47  78 001001110011010100011000000111100000010111111010111101011001111011000100010000
1380.49  78 110011100111010001101111111101010000001101110010011111001001000011000010010000
1320.35  78 011000100101110000011011000100010000001000100100000001100100010011111010001000
1439.37  78 010010000100010001000010110101100001000010110111011000100001001100111001010000
1360.35  78 011010010100011000000010000101100010000011100000000110111101010001010000110000
1365.4  78 001100000101010101100010110100100000010110011001110011000001001011011100010000
1407.44  78 010001010001011001100001010111100000100010011111000111111100101011000100000010
1388.45  78 000110100101011001100011000101100000010000111001010011101111111010011010000001
1516.42  78 001100010101000110110101101001010000001000110101010110100111001110001100000001
1425.47  78 001011000100011011111011101100100010000011010111011100011111000111000100010000
1212.44  78 111001000101111111001011110100010000001000011111000100010010100010110000110000
1441.37  78 000000100111000100110000100100010000001010010111011101000011111001001010010000
1440.37  78 001001000100000001100011100101100000001001011001010101011010110100110010000001
1439.44  78 110001101100010101101101110100100000001011101111010000000011011011000100001000
1374.44  78 110011000111010010010110000100100001000110011111110110101100000011001010010000
1511.35  78 000000100000000010000000000100001000100111011101110100011111001111010100010000
1442.37  78 001101100100011100100100110010010000001110100110000100001100010110010010000001
1458.44  78 100010010101110101110101110001010000010000010011010111011010111001000100001000
1410.38  78 101001010100010010010011010101100000010100110011000101010001101011000100000010
1404.36  78 010101010100010010101010100100010000001100101011000101111001010000000100000010
1443.49  78 011000100101010101101111110101100000010011011001001101011010010111101100000100
1444.42  78 011001100101011001100100000010100000001011001001010111100011111001110100000001
1411.45  78 110000110100010001111011000111100000010001001011111101001100000111101000110000
1418.38  78 000010100000011101011110100100100000010100110001000101101000110111100100000010
1373.29  78 001001000111000100000010000100100000100101100000110100000101001110000000100100
1404.32  78 000000000100010000000010000101100000100010110010110101010111101000101000110000
1358.41  78 110110000110010000011011000100010000001100111000010011011011100011011010001000
1465.41  78 011001000101001001000000100000100000010010110100110101101111101111011100000010
1406.46  78 100101100110010101101100110000100000001001101011000101111111001011110100001000
1423.41  78 100001000101010001101110000100100010000100000101101111001011111100101000110000
1402.45  78 001010000101110101011011000111100010000101110011000000100111101111010100010000
1406.35  78 010101010110000001110000100101100010000000100101000001111001100110000100000001
1387.4  78 000000100100010110010000110111010000001001100010111101101100101011100010010000
1430.4  78 000000100101011101010001001100100000100111001110010100100011101111000100000010
1426.4  78 110000000101000000000000110100100000100110111011011111011011111010000010000001
1424.47  78 111001000111010110010110000100100001000111011101001101011011101001011010001000
1311.31  78 000000000000000001000000100000001000010011011101111100010010100111011100000001
1379.44  78 101111010101010110101011101101100001000100111000010100110000001110000100000001
1370.46  78 011000100111010101001000110101010000001110111011010111001100011010011010010000
1438.41  78 011101000100011101111010100100010000001011101101000110000110001001010100010000
1426.5  78 010000101101011011011010100100010000001011101101110111111110000111011010000001
1362.36  78 011000100101010000000000110101100000001010000001011111001001011011001100010000
1419.51  78 011010110100111111001100000101010000010101111010010101111001110111101010000010
1419.38  78 101010100101010011001000100101010000001100110011000101010001101011000100000010
1438.38  78 011010010100001101010011010100100001000000011001010110000011111011000100000100
1469.31  78 010001100100001000100000001100100010000000101101110100011000010110000010000001
1434.37  78 001001110101011000001100100100100000100000011111000011101100001001010010010000
1370.38  78 000010000001000110001010101001010000100111100001010110110011100111100100000010
1420.35  78 000000110101100000010010110100100000010000011001011110001010010110100001000100
1394.31  78 000000000110010000001011000100100000100110010001010001110001001110100000100010
1443.44  78 100100000110011100110010100110100010000001001111010100110011111110010100010000
1406.44  78 101100100101010101010101100001100000100101101001010100000010111111011100000001
1436.45  78 110000000101111111000010110110100010000110000011010110000110011111110100010000
1491.42  78 110001110111011000001010000001100000100011011010010100100111110011001100000100
1403.45  78 000011101101011101111010000101100001000001000110010110110011110110001010000010
1361.41  78 011011000111010000000000110101010000010110001001100011110100110011101010010000
1441.38  78 101010100111000000011000100101010000001001110001011001010011101110000100000001
1472.32  78 000000000001001001000000000000100000100001111111011111010010111001000100000100
1408.41  78 000010000100100101011010000101100001000000010111010111101111001111001100001000
1378.29  78 000000100100010101100000001100100000001001000011000001001001011011010100001000
1422.29  78 000000000101000100101010110101100001000000000110000101110001100001000100000010
1367.33  78 010001010100010010100010000111100001000110110011001000000100110000010100000001
1449.31  78 000000010110000000100000001100100000010000100101011110011101010011000100000100
1471.31  78 000000000010000010000000000001100000001111100001011110010100111111000100000001
1418.44  78 011110100101011000000001110100100000001100011111111110011011000000011001010000
1420.42  78 110011100101010001111000000100100001000110001101110101101001001110010010010000
1469.33  78 000000000000000100101000000000100000001100111001010111110111000111011100000001
1382.36  78 100100000100010101101110110100100000010100000011010100110000010011010010000001
1420.35  78 011100100101000010010010110100100000100010010010000100100001010011011100000100
1471.46  78 000110101111001011010110111111100010000000011001010110000011111011000100001000
1575.42  78 010010000101010001010110100110100010000011011001001101011010010111101100000100
1294.38  78 001001000100010101100000110100100010000110011011000101111010010010101000110000
1446.49  78 110011000101001000111011110111100000100100010011110011101011011001011000100100
1369.42  78 001001100101010101001010001100100001000111100101111000011001001011011010000100
1365.37  78 110000001101110000011010000100100000001000001101000010110110110111010010010000
1412.35  78 000000100101010100000110000111100000001001000110011000111010001011010100000100
1406.46  78 100011100101010101010101101101010001000101101001010100000010111111011010000010
1450.47  78 010000100110010101001001100111100001000010110100110101101111101111011100010000
1550.41  78 010101000110101000101010000101100001000011011010010100100111110011001100000001
1423.44  78 001001100101011010001101110101100010000100100001010101100111010111001100010000
1349.44  78 011000100101010111000010110101010000010110001001100011110100110011101010010000
1409.37  78 010101000110011101010010100101100010000000100101000001111001100110000100000001
1427.4  78 101010000111010101010101101101100001000001000000001100011000111111000100000010
1272.38  78 001111100110011100000010000111010000100010111001000011001000110011000000110000
1364.45  78 001100100001010001010001100101100010000110011111110100011111101001011100000010
1554.47  78 101010000101010101010101101001100010000111011101001101011011101001011100000010
1500.36  78 001000110100000001010010000110010001000001001111011111000010001110010010000001
1401.33  78 110000000100011000010000000111100000010101000011100000001010111011001001001000
1412.4  78 111100000111010000000000110111100000001000000001011111100101011101100000100100
1420.45  78 111001001110101001010100100100010000001110011111110110101100000011001100000001
1410.4  78 000011100110000100011000000111100000001110001101110101101001001110010000100001
1362.41  78 000011010101011001001010000111100000010000000000011101100111101011111100010000
1446.37  78 100010010100010001010110100001010000010000010011010111011010111001000100001000
1375.37  78 001001000100010001011010000100100000010011110001010101001100101011110010000001
1371.29  78 010000000100001000011000010010010000010110100011010000001001010011010010000001
1448.44  78 111111000100010001100000110000100000010001110101011111001111010111000010001000
1448.4  78 001001110001011100100101000111100000010000011111000011101100001001010000110000
2071.35  78 000100000100010101010000000000100010000100010011110011101011011001011100000010
1401.31  78 000000110111011000010000000111100000100010010001011000000011000001001001010000
1458.29  78 000000010000000000100000000010100010000000110011110100100100110111110100010000
1424.38  78 001100100101011101001011000100100000100000101101000001000001010111111010010000
1427.35  78 000000100000001000010100100101100000001101101001010100000010111111011100000001
1412.46  78 100001001101010111000010000100100000100111100101111010110011111011011010000010
1367.44  78 110000000101010101101110110100100010000011110000011101001101101011010010001000
1377.42  78 111001000100010100011010100111010000100100111011110100010001001101010010000100
1361.38  78 000011000101010000000010000111100000001100111101111100110011000010110100001000
1455.45  78 100111110111001011111000110001100000001000000011011101010000111001101100000001
1397.47  78 010101110111010110101010100100010000010000100110010101110110111001111100000100
1582.42  78 100000100101010101010100100001010000100000010111010111101111001111001100001000
1338.49  78 110001010101011001010100101001010010000110011111110100011111101001011100010000
1442.45  78 100010100101010101010000110100100000100111011101001101011011101001011100000010
1429.35  78 000010010101011000001000100111010000100100000010011111010000001111000010000100
1420.41  78 101001000101001010010000010101100000001101111001011100100111001011100100000001
1269.49  78 011110100111010011001000111111100001000010110001101001111001010001111000101000
1397.33  78 001001110101010000100101000100100000001000110010100101000000110011010100010000
1436.38  78 010000110110000100010010010111100000010001101111010100100011000011010100000001
1421.41  78 011000100101111001010010100100100001000110000000010101011011100111011100001000
1386.44  78 011011000101010011000010110101100000100000000011111011110111111010000010000010
1410.4  78 100101100100111000010110010101100001000000000011001101100000110011111100001000
1429.41  78 100111100101000001001011000100100000010110111011010101100010100011010100010000
1428.36  78 000000110100011000010001000100100000001001111111010110101010100001010100000010
1492.38  78 001000000100000101010100100001010000010111001001011101101011110001011100000100
1397.41  78 011011010101011000011010100111100000010001101110000011010000111001000100000010
1375.4  78 110000000101010101100010000111010000010100100001101111011111000010010010010000
1408.45  78 000001100110001001011011110101100000001110111100010101100000111110011100000001
1423.36  78 001011000111011001010000010100010000010100001001000101110010110011000100000100
1431.35  78 011110100101010001100000100100100010000110001000010111000110000101000010001000
1435.37  78 011101000101011001001000000101100000010000100111001001010010010011011100000001
1423.35  78 001001000100010000000010100100100010000001100011010101010110110111100010000010
1426.5  78 101010100110010101010011100101010000010101110011010111111011000111011100010000
1453.41  78 010011000110010101000010110100010000010011100100000111011000011111011010000001
1400.47  78 010101010001101001000101100111010001000011011110011100101100011111011100000100
1375.45  78 001001000111010001001000000101100000010111111110100111010111001011011100010000
1394.41  78 110000110101010001100000000100100000001001101000110101101111110011011100001000
1381.31  78 010001010101000100000000100001010000100110110001000001010011100000011100000010
1431.4  78 000000000101011001001010110101100000001000110100100111011011011001011001010000
1388.36  78 011000100100011101001000000101100000010001011101010100010001101010001100001000
1380.4  78 011000100101010000111100000101010000001011101101010111000000101011001010010000
1390.4  78 000011110100010001100011000011100000100001010010110011010000111011011010001000
1438.4  78 010101000001011001110100100111010000010010100011110100001100111001000100010000
1393.38  78 001100000000010100111100110100010000001110110000001101110110000011011010010000
1448.37  78 000000100101011001010100100001010000100110000000010101011011100111011100000100
1410.45  78 000010000110011000011010110101100000001101111011110101100111110011000100000001
1382.5  78 011011100111010000001111100111100000001110111011010111110001000011101000100001
1464.33  78 010000000100000001000010100100100001000110111011010101100010100011010100010000
1390.46  78 111100100100010011011110000101100000001111000010111011110010001011101100001000
1440.51  78 111111110111011001000000100111010000001111001001011101101011110001011010000010
1381.38  78 011000100101000011011010100111100001000000011000100100100101111001100100010000
1418.41  78 101010000101010010101001100000010010000001111101011110111111000001000100010000
1428.4  78 011110100100011001001000100101100000001011100010100101110000111001100010010000
1430.38  78 011010100100000001110110110101010000001100001001000101110010110011000100000010
1423.33  78 000000110100011101000010100100100000100111001011010010000010000111000100010000
1406.42  78 011000000101011001000011110100100000001110111001110101101001100011010100000100
1393.4  78 010010100101011000001100000101100000100010100101010111001111110011000010000010
1430.38  78 010000100100010011110000100111010000001010100111011110010000100110010010000010
1452.37  78 100001110110010100000000100100100000010100001101100101101011010101010100010000
1441.38  78 000000100101010001100000100100100000001111100111010111001011101110000010010000
1522.47  78 111111110110010101010101101001010010000110011001000100101100011110001010000010
1399.42  78 010010100100010001001001000111100000010001101000110101101111110011011010000001
1380.33  78 000101010100000010010001101001010000100110110001000001010011100000011100000010
1387.41  78 011011100101011101001110000101100000010010011010011100000100010011001010000010
1392.38  78 100101100100010001000010110100100001000101101010110100101100100011010010000010
1444.38  78 111100101111010001110010100101100000001000000101010110011010000000001100000001
1433.4  78 010101110111011000101010100110010001000000111000010100110000100110010100010000
1376.42  78 111001000101010011001110000101100000001011001010010101110101101011000010000001
1438.42  78 011101100110010100011110010100100000010001101111010100100011000011010100000001
1450.37  78 000010000100011001010100101001010010000110000000010101011011100111011010000001
1415.46  78 110011110101111010011100100011010010000000011111001100010001101111000010010000
1414.35  78 000110110000010000110000110100100000010000000011001101100000110011111100010000
1399.36  78 011100010011100000011010100100010000100000100111010001101101001001000010000010
1395.41  78 011000110101111011000000000101100000001111001100111100000001001011011010000001
1412.36  78 100100110100010000000110110111100000001101100000010000101011010011000010000001
1445.37  78 011011000110010001010101100100010000001000011001011100101010010110000100001000
1712.29  78 000100000001000000000000000000001000001110100111101100111101100001010100000001
1393.41  78 000000100101010001111011000111100000100000110011000001011111110011100010000010
1431.42  78 100100101111010000111100110101100000001100011001000110000111100011001100000010
1424.42  78 011110100101011000000000100100100000010111111001111001110011100001010010010000
1395.45  78 110000110101011101100000000111100000001110111001110101101001100011010010000001
1469.35  78 011000100101000001000110000101100010000001100010011001001111110001000010000010
1146.4  78 001001000101011010011010110100100010000000100100100111111001000111001000101000
1429.45  78 010111010100001011101010100111010000001010100111110100010101111001000010000001
1386.41  78 011000110100010100100111010101100010000110000111000001011000011011011010000001
1428.4  78 010001110110011000101110100100100010000010110001011101000100000111100100001000
1480.41  78 010101000101010011001010100100010000001011001001000001110011111111100100000010
1351.42  78 011010010111011001111010100101100000001110110001000001010011100000011000100010
1412.36  78 001000000100011001011011100111100001000101001001011100100010110000000010000001
1449.37  78 100110000100010001010101100000010010000011010011010100111010100001011010000100
1613.36  78 101010010101001101010100101110010001000000000101010110011010000000001100010000
1437.36  78 011101010100010000101010100110010001000000111000010100110000100110010100010000
1375.35  78 001100000101011101100010000101100001000000110010100101000000110011010010001000
1436.41  78 010110100011011001110110101100100000100011011010010110000000111001000100000010
1445.37  78 000000100100000101010101100101010010000110000000010101011011100111011010000001
1373.46  78 110101010101110011001010100101010000001000111111011010000101101111000100001000
1450.27  78 000000000001000000000101000000001010000111111000000100110010010111000100010000
1376.41  78 000000000101011001111010000101100000100100101010110010010001111011111010000010
1405.41  78 011000100101011011010000110100100000100011101111000101010001110100010010010000
1427.35  78 001100100101011001111000100100100000001000110010000110101000100001100010001000
1398.47  78 011011110101011101001010110011100010000010110001001101101011010011010010010000
1440.33  78 100000000100100110000000000000100000100001111101011110111111000001000100000001
1422.45  78 011110100101001001001011100100100000001110111100010101100000111110011100000010
1424.42  78 101011100110001001010110111101010000100100001001000101110010110011000100001000
1460.31  78 001001000100010101000100100000010000001111001011010010000010000111000100000100
1401.41  78 011001100001011001010010000100100000001110111001110101101001100011010100000001
1353.32  78 010010100001011000011011000111100001000110100000010001010000000010010010001000
1372.41  78 000110100100010111011010000100010000010010111010000101110101100011011010010000
1414.44  78 001001100101011000110010100111100010000010000111101101001010010111110000101000
1383.5  78 010101100110111001010111100100010000100011011110011100101100011111011100000100
1408.45  78 110011110011011101110010000101100000010110011001000100101100011110001100000100
1414.32  78 011000000101011000010010100100100000001111100000010000100100001011100001000010
1380.38  78 010111010101000110000010101101010000100110110001000001010011100000011100000100
1448.42  78 010101010101010110101010100010100001000001101011000001010011011111010100000010
1442.38  78 001110100011011000100110000101100001000001011101010100010001101010001100001000
1409.45  78 001101100101011011110110000101100000010011101101010111000000101011001100001000
1548.32  78 000000100000000000000000100000000101000011000111011100101111110110011100000100
