354 1320 0.7885304659498208 354 0.2114695340501792 
379 1295 0.7735961768219832 379 0.22640382317801672 
374 1300 0.7765830346475507 374 0.22341696535244923 
369 1305 0.7795698924731183 369 0.22043010752688172 
374 1300 0.7765830346475507 374 0.22341696535244923 
362 1312 0.7837514934289128 362 0.2162485065710872 
362 1312 0.7837514934289128 362 0.2162485065710872 
373 1301 0.7771804062126643 373 0.22281959378733573 
375 1299 0.7759856630824373 375 0.22401433691756273 
364 1310 0.7825567502986858 364 0.2174432497013142 
378 1296 0.7741935483870968 378 0.22580645161290322 
368 1306 0.7801672640382318 368 0.21983273596176822 
373 1301 0.7771804062126643 373 0.22281959378733573 
372 1302 0.7777777777777778 372 0.2222222222222222 
371 1303 0.7783751493428913 371 0.2216248506571087 
367 1307 0.7807646356033453 367 0.21923536439665472 
362 1312 0.7837514934289128 362 0.2162485065710872 
387 1287 0.7688172043010753 387 0.23118279569892472 
393 1281 0.7652329749103942 393 0.23476702508960573 
418 1256 0.7502986857825568 418 0.24970131421744324 
361 1313 0.7843488649940262 361 0.21565113500597372 
377 1297 0.7747909199522103 377 0.22520908004778972 
374 1300 0.7765830346475507 374 0.22341696535244923 
367 1307 0.7807646356033453 367 0.21923536439665472 
359 1315 0.7855436081242533 359 0.21445639187574672 
383 1291 0.7712066905615292 383 0.22879330943847073 
383 1291 0.7712066905615292 383 0.22879330943847073 
368 1306 0.7801672640382318 368 0.21983273596176822 
395 1279 0.7640382317801673 395 0.23596176821983272 
374 1300 0.7765830346475507 374 0.22341696535244923 
368 1306 0.7801672640382318 368 0.21983273596176822 
324 1350 0.8064516129032258 324 0.1935483870967742 
375 1299 0.7759856630824373 375 0.22401433691756273 
382 1292 0.7718040621266428 382 0.22819593787335724 
394 1280 0.7646356033452808 394 0.23536439665471923 
374 1300 0.7765830346475507 374 0.22341696535244923 
363 1311 0.7831541218637993 363 0.2168458781362007 
384 1290 0.7706093189964157 384 0.22939068100358423 
365 1309 0.7819593787335722 365 0.21804062126642773 
366 1308 0.7813620071684588 366 0.21863799283154123 
375 1299 0.7759856630824373 375 0.22401433691756273 
382 1292 0.7718040621266428 382 0.22819593787335724 
431 1243 0.7425328554360813 431 0.2574671445639188 
363 1311 0.7831541218637993 363 0.2168458781362007 
376 1298 0.7753882915173238 376 0.22461170848267623 
372 1302 0.7777777777777778 372 0.2222222222222222 
354 1320 0.7885304659498208 354 0.2114695340501792 
367 1307 0.7807646356033453 367 0.21923536439665472 
357 1317 0.7867383512544803 357 0.2132616487455197 
363 1311 0.7831541218637993 363 0.2168458781362007 
373 1301 0.7771804062126643 373 0.22281959378733573 
374 1300 0.7765830346475507 374 0.22341696535244923 
376 1298 0.7753882915173238 376 0.22461170848267623 
391 1283 0.7664277180406213 391 0.23357228195937874 
365 1309 0.7819593787335722 365 0.21804062126642773 
355 1319 0.7879330943847073 355 0.2120669056152927 
372 1302 0.7777777777777778 372 0.2222222222222222 
377 1297 0.7747909199522103 377 0.22520908004778972 
354 1320 0.7885304659498208 354 0.2114695340501792 
356 1318 0.7873357228195937 356 0.2126642771804062 
363 1311 0.7831541218637993 363 0.2168458781362007 
365 1309 0.7819593787335722 365 0.21804062126642773 
381 1293 0.7724014336917563 381 0.22759856630824374 
374 1300 0.7765830346475507 374 0.22341696535244923 
409 1265 0.7556750298685783 409 0.24432497013142174 
398 1276 0.7622461170848268 398 0.23775388291517324 
359 1315 0.7855436081242533 359 0.21445639187574672 
375 1299 0.7759856630824373 375 0.22401433691756273 
358 1316 0.7861409796893668 358 0.21385902031063322 
385 1289 0.7700119474313023 385 0.22998805256869773 
363 1311 0.7831541218637993 363 0.2168458781362007 
375 1299 0.7759856630824373 375 0.22401433691756273 
378 1296 0.7741935483870968 378 0.22580645161290322 
365 1309 0.7819593787335722 365 0.21804062126642773 
344 1330 0.7945041816009558 344 0.2054958183990442 
383 1291 0.7712066905615292 383 0.22879330943847073 
379 1295 0.7735961768219832 379 0.22640382317801672 
359 1315 0.7855436081242533 359 0.21445639187574672 
376 1298 0.7753882915173238 376 0.22461170848267623 
373 1301 0.7771804062126643 373 0.22281959378733573 
341 1333 0.7962962962962963 341 0.2037037037037037 
390 1284 0.7670250896057348 390 0.23297491039426524 
395 1279 0.7640382317801673 395 0.23596176821983272 
371 1303 0.7783751493428913 371 0.2216248506571087 
363 1311 0.7831541218637993 363 0.2168458781362007 
371 1303 0.7783751493428913 371 0.2216248506571087 
348 1326 0.7921146953405018 348 0.2078853046594982 
367 1307 0.7807646356033453 367 0.21923536439665472 
364 1310 0.7825567502986858 364 0.2174432497013142 
358 1316 0.7861409796893668 358 0.21385902031063322 
371 1303 0.7783751493428913 371 0.2216248506571087 
363 1311 0.7831541218637993 363 0.2168458781362007 
428 1246 0.7443249701314217 428 0.25567502986857826 
361 1313 0.7843488649940262 361 0.21565113500597372 
386 1288 0.7694145758661888 386 0.23058542413381122 
390 1284 0.7670250896057348 390 0.23297491039426524 
371 1303 0.7783751493428913 371 0.2216248506571087 
379 1295 0.7735961768219832 379 0.22640382317801672 
369 1305 0.7795698924731183 369 0.22043010752688172 
385 1289 0.7700119474313023 385 0.22998805256869773 
375 1298 0.775851763299462 375 0.22414823670053796 
350 1323 0.7907949790794979 350 0.20920502092050208 
354 1319 0.7884040645546921 354 0.21159593544530783 
371 1302 0.7782426778242678 371 0.2217573221757322 
370 1303 0.7788404064554693 370 0.22115959354453077 
372 1301 0.7776449491930664 372 0.22235505080693366 
368 1305 0.780035863717872 368 0.2199641362821279 
364 1309 0.7824267782426778 364 0.2175732217573222 
380 1293 0.7728631201434548 380 0.22713687985654513 
378 1295 0.7740585774058577 378 0.22594142259414227 
368 1305 0.780035863717872 368 0.2199641362821279 
342 1331 0.7955768081291094 342 0.2044231918708906 
351 1322 0.7901972504482965 351 0.20980274955170353 
385 1288 0.7698744769874477 385 0.2301255230125523 
369 1304 0.7794381350866707 369 0.22056186491332935 
377 1296 0.7746563060370592 377 0.22534369396294082 
369 1304 0.7794381350866707 369 0.22056186491332935 
369 1304 0.7794381350866707 369 0.22056186491332935 
366 1307 0.7812313209802749 366 0.21876867901972505 
359 1314 0.785415421398685 359 0.214584578601315 
346 1327 0.7931858936043037 346 0.20681410639569636 
362 1311 0.7836222355050807 362 0.2163777644949193 
362 1311 0.7836222355050807 362 0.2163777644949193 
358 1315 0.7860131500298865 358 0.21398684997011358 
357 1316 0.7866108786610879 357 0.21338912133891214 
374 1299 0.7764494919306635 374 0.22355050806933652 
380 1293 0.7728631201434548 380 0.22713687985654513 
356 1317 0.7872086072922893 356 0.2127913927077107 
370 1303 0.7788404064554693 370 0.22115959354453077 
359 1314 0.785415421398685 359 0.214584578601315 
408 1265 0.7561267184698147 408 0.2438732815301853 
372 1301 0.7776449491930664 372 0.22235505080693366 
374 1299 0.7764494919306635 374 0.22355050806933652 
379 1294 0.7734608487746563 379 0.22653915122534368 
374 1299 0.7764494919306635 374 0.22355050806933652 
368 1305 0.780035863717872 368 0.2199641362821279 
344 1329 0.7943813508667065 344 0.20561864913329347 
336 1337 0.799163179916318 336 0.200836820083682 
372 1301 0.7776449491930664 372 0.22235505080693366 
368 1305 0.780035863717872 368 0.2199641362821279 
339 1334 0.7973699940227137 339 0.2026300059772863 
378 1295 0.7740585774058577 378 0.22594142259414227 
365 1308 0.7818290496114764 365 0.2181709503885236 
359 1314 0.785415421398685 359 0.214584578601315 
378 1295 0.7740585774058577 378 0.22594142259414227 
345 1328 0.793783622235505 345 0.20621637776449492 
372 1301 0.7776449491930664 372 0.22235505080693366 
381 1292 0.7722653915122535 381 0.22773460848774657 
369 1304 0.7794381350866707 369 0.22056186491332935 
370 1303 0.7788404064554693 370 0.22115959354453077 
352 1321 0.789599521817095 352 0.21040047818290497 
353 1320 0.7890017931858936 353 0.2109982068141064 
345 1328 0.793783622235505 345 0.20621637776449492 
367 1306 0.7806335923490735 367 0.2193664076509265 
365 1308 0.7818290496114764 365 0.2181709503885236 
354 1319 0.7884040645546921 354 0.21159593544530783 
363 1310 0.7830245068738793 363 0.21697549312612074 
364 1309 0.7824267782426778 364 0.2175732217573222 
356 1317 0.7872086072922893 356 0.2127913927077107 
334 1339 0.8003586371787209 334 0.19964136282127914 
332 1341 0.8015540944411237 332 0.19844590555887626 
369 1304 0.7794381350866707 369 0.22056186491332935 
355 1318 0.7878063359234907 355 0.21219366407650928 
358 1315 0.7860131500298865 358 0.21398684997011358 
315 1358 0.8117154811715481 315 0.18828451882845187 
372 1301 0.7776449491930664 372 0.22235505080693366 
369 1304 0.7794381350866707 369 0.22056186491332935 
328 1345 0.8039450089659295 328 0.19605499103407054 
351 1322 0.7901972504482965 351 0.20980274955170353 
371 1302 0.7782426778242678 371 0.2217573221757322 
375 1298 0.775851763299462 375 0.22414823670053796 
379 1294 0.7734608487746563 379 0.22653915122534368 
382 1291 0.771667662881052 382 0.228332337118948 
373 1300 0.7770472205618649 373 0.22295277943813507 
361 1312 0.7842199641362821 361 0.21578003586371788 
357 1316 0.7866108786610879 357 0.21338912133891214 
382 1291 0.771667662881052 382 0.228332337118948 
343 1330 0.7949790794979079 343 0.20502092050209206 
367 1306 0.7806335923490735 367 0.2193664076509265 
365 1308 0.7818290496114764 365 0.2181709503885236 
351 1322 0.7901972504482965 351 0.20980274955170353 
369 1304 0.7794381350866707 369 0.22056186491332935 
374 1299 0.7764494919306635 374 0.22355050806933652 
371 1302 0.7782426778242678 371 0.2217573221757322 
376 1297 0.7752540346682606 376 0.22474596533173938 
361 1312 0.7842199641362821 361 0.21578003586371788 
362 1311 0.7836222355050807 362 0.2163777644949193 
374 1299 0.7764494919306635 374 0.22355050806933652 
382 1291 0.771667662881052 382 0.228332337118948 
344 1329 0.7943813508667065 344 0.20561864913329347 
377 1296 0.7746563060370592 377 0.22534369396294082 
343 1330 0.7949790794979079 343 0.20502092050209206 
369 1304 0.7794381350866707 369 0.22056186491332935 
374 1299 0.7764494919306635 374 0.22355050806933652 
344 1329 0.7943813508667065 344 0.20561864913329347 
363 1310 0.7830245068738793 363 0.21697549312612074 
374 1299 0.7764494919306635 374 0.22355050806933652 
357 1316 0.7866108786610879 357 0.21338912133891214 
346 1327 0.7931858936043037 346 0.20681410639569636 
336 1337 0.799163179916318 336 0.200836820083682 
315 1357 0.8116028708133971 315 0.18839712918660287 
403 1269 0.7589712918660287 403 0.2410287081339713 
356 1316 0.7870813397129187 356 0.21291866028708134 
354 1318 0.7882775119617225 354 0.2117224880382775 
348 1324 0.7918660287081339 348 0.20813397129186603 
362 1310 0.7834928229665071 362 0.21650717703349281 
349 1323 0.791267942583732 349 0.20873205741626794 
360 1312 0.784688995215311 360 0.215311004784689 
353 1319 0.7888755980861244 353 0.2111244019138756 
354 1318 0.7882775119617225 354 0.2117224880382775 
353 1319 0.7888755980861244 353 0.2111244019138756 
364 1308 0.7822966507177034 364 0.21770334928229665 
362 1310 0.7834928229665071 362 0.21650717703349281 
344 1328 0.7942583732057417 344 0.20574162679425836 
349 1323 0.791267942583732 349 0.20873205741626794 
330 1342 0.8026315789473685 330 0.19736842105263158 
369 1303 0.7793062200956937 369 0.22069377990430622 
355 1317 0.7876794258373205 355 0.21232057416267944 
359 1313 0.7852870813397129 359 0.21471291866028708 
352 1320 0.7894736842105263 352 0.21052631578947367 
360 1312 0.784688995215311 360 0.215311004784689 
364 1308 0.7822966507177034 364 0.21770334928229665 
375 1297 0.7757177033492823 375 0.2242822966507177 
350 1322 0.7906698564593302 350 0.20933014354066987 
353 1319 0.7888755980861244 353 0.2111244019138756 
353 1319 0.7888755980861244 353 0.2111244019138756 
339 1333 0.7972488038277512 339 0.2027511961722488 
363 1309 0.7828947368421053 363 0.21710526315789475 
349 1323 0.791267942583732 349 0.20873205741626794 
364 1308 0.7822966507177034 364 0.21770334928229665 
348 1324 0.7918660287081339 348 0.20813397129186603 
356 1316 0.7870813397129187 356 0.21291866028708134 
336 1336 0.7990430622009569 336 0.20095693779904306 
341 1331 0.7960526315789473 341 0.20394736842105263 
312 1360 0.8133971291866029 312 0.18660287081339713 
363 1309 0.7828947368421053 363 0.21710526315789475 
356 1316 0.7870813397129187 356 0.21291866028708134 
331 1341 0.8020334928229665 331 0.19796650717703348 
372 1300 0.777511961722488 372 0.22248803827751196 
358 1314 0.7858851674641149 358 0.21411483253588517 
366 1306 0.7811004784688995 366 0.21889952153110048 
360 1312 0.784688995215311 360 0.215311004784689 
348 1324 0.7918660287081339 348 0.20813397129186603 
349 1323 0.791267942583732 349 0.20873205741626794 
407 1265 0.756578947368421 407 0.24342105263157895 
346 1326 0.7930622009569378 346 0.2069377990430622 
352 1320 0.7894736842105263 352 0.21052631578947367 
373 1299 0.7769138755980861 373 0.2230861244019139 
372 1300 0.777511961722488 372 0.22248803827751196 
347 1325 0.7924641148325359 347 0.2075358851674641 
353 1319 0.7888755980861244 353 0.2111244019138756 
387 1285 0.7685406698564593 387 0.23145933014354067 
353 1319 0.7888755980861244 353 0.2111244019138756 
345 1327 0.7936602870813397 345 0.2063397129186603 
344 1328 0.7942583732057417 344 0.20574162679425836 
371 1301 0.77811004784689 371 0.22188995215311005 
349 1323 0.791267942583732 349 0.20873205741626794 
362 1310 0.7834928229665071 362 0.21650717703349281 
355 1317 0.7876794258373205 355 0.21232057416267944 
351 1321 0.7900717703349283 351 0.20992822966507177 
347 1325 0.7924641148325359 347 0.2075358851674641 
342 1330 0.7954545454545454 342 0.20454545454545456 
351 1321 0.7900717703349283 351 0.20992822966507177 
354 1318 0.7882775119617225 354 0.2117224880382775 
350 1322 0.7906698564593302 350 0.20933014354066987 
362 1310 0.7834928229665071 362 0.21650717703349281 
366 1306 0.7811004784688995 366 0.21889952153110048 
346 1326 0.7930622009569378 346 0.2069377990430622 
367 1305 0.7805023923444976 367 0.21949760765550239 
399 1273 0.7613636363636364 399 0.23863636363636365 
363 1309 0.7828947368421053 363 0.21710526315789475 
359 1313 0.7852870813397129 359 0.21471291866028708 
366 1306 0.7811004784688995 366 0.21889952153110048 
351 1321 0.7900717703349283 351 0.20992822966507177 
337 1335 0.7984449760765551 337 0.201555023923445 
336 1336 0.7990430622009569 336 0.20095693779904306 
394 1278 0.7643540669856459 394 0.23564593301435408 
307 1365 0.8163875598086124 307 0.18361244019138756 
345 1327 0.7936602870813397 345 0.2063397129186603 
354 1318 0.7882775119617225 354 0.2117224880382775 
355 1317 0.7876794258373205 355 0.21232057416267944 
302 1370 0.819377990430622 302 0.180622009569378 
345 1327 0.7936602870813397 345 0.2063397129186603 
362 1310 0.7834928229665071 362 0.21650717703349281 
342 1330 0.7954545454545454 342 0.20454545454545456 
362 1310 0.7834928229665071 362 0.21650717703349281 
351 1321 0.7900717703349283 351 0.20992822966507177 
351 1321 0.7900717703349283 351 0.20992822966507177 
346 1326 0.7930622009569378 346 0.2069377990430622 
364 1308 0.7822966507177034 364 0.21770334928229665 
338 1334 0.7978468899521531 338 0.2021531100478469 
336 1336 0.7990430622009569 336 0.20095693779904306 
341 1331 0.7960526315789473 341 0.20394736842105263 
343 1329 0.7948564593301436 343 0.20514354066985646 
398 1274 0.7619617224880383 398 0.23803827751196172 
360 1312 0.784688995215311 360 0.215311004784689 
304 1368 0.8181818181818182 304 0.18181818181818182 
369 1303 0.7793062200956937 369 0.22069377990430622 
369 1303 0.7793062200956937 369 0.22069377990430622 
363 1309 0.7828947368421053 363 0.21710526315789475 
345 1327 0.7936602870813397 345 0.2063397129186603 
358 1314 0.7858851674641149 358 0.21411483253588517 
362 1310 0.7834928229665071 362 0.21650717703349281 
378 1294 0.7739234449760766 378 0.22607655502392343 
360 1312 0.784688995215311 360 0.215311004784689 
343 1329 0.7948564593301436 343 0.20514354066985646 
365 1307 0.7816985645933014 365 0.21830143540669855 
370 1302 0.7787081339712919 370 0.22129186602870812 
357 1315 0.7864832535885168 357 0.21351674641148324 
339 1333 0.7972488038277512 339 0.2027511961722488 
335 1337 0.7996411483253588 335 0.20035885167464115 
353 1319 0.7888755980861244 353 0.2111244019138756 
335 1337 0.7996411483253588 335 0.20035885167464115 
364 1308 0.7822966507177034 364 0.21770334928229665 
335 1337 0.7996411483253588 335 0.20035885167464115 
357 1315 0.7864832535885168 357 0.21351674641148324 
348 1324 0.7918660287081339 348 0.20813397129186603 
337 1335 0.7984449760765551 337 0.201555023923445 
344 1328 0.7942583732057417 344 0.20574162679425836 
363 1309 0.7828947368421053 363 0.21710526315789475 
344 1328 0.7942583732057417 344 0.20574162679425836 
358 1314 0.7858851674641149 358 0.21411483253588517 
336 1336 0.7990430622009569 336 0.20095693779904306 
326 1346 0.8050239234449761 326 0.19497607655502391 
344 1328 0.7942583732057417 344 0.20574162679425836 
360 1312 0.784688995215311 360 0.215311004784689 
343 1329 0.7948564593301436 343 0.20514354066985646 
336 1336 0.7990430622009569 336 0.20095693779904306 
356 1316 0.7870813397129187 356 0.21291866028708134 
344 1328 0.7942583732057417 344 0.20574162679425836 
345 1327 0.7936602870813397 345 0.2063397129186603 
363 1309 0.7828947368421053 363 0.21710526315789475 
345 1327 0.7936602870813397 345 0.2063397129186603 
338 1334 0.7978468899521531 338 0.2021531100478469 
359 1313 0.7852870813397129 359 0.21471291866028708 
342 1330 0.7954545454545454 342 0.20454545454545456 
351 1321 0.7900717703349283 351 0.20992822966507177 
352 1320 0.7894736842105263 352 0.21052631578947367 
366 1306 0.7811004784688995 366 0.21889952153110048 
368 1304 0.7799043062200957 368 0.22009569377990432 
355 1317 0.7876794258373205 355 0.21232057416267944 
333 1339 0.8008373205741627 333 0.19916267942583732 
376 1296 0.7751196172248804 376 0.22488038277511962 
371 1301 0.77811004784689 371 0.22188995215311005 
365 1307 0.7816985645933014 365 0.21830143540669855 
336 1336 0.7990430622009569 336 0.20095693779904306 
357 1315 0.7864832535885168 357 0.21351674641148324 
345 1327 0.7936602870813397 345 0.2063397129186603 
352 1320 0.7894736842105263 352 0.21052631578947367 
364 1308 0.7822966507177034 364 0.21770334928229665 
364 1308 0.7822966507177034 364 0.21770334928229665 
366 1306 0.7811004784688995 366 0.21889952153110048 
358 1314 0.7858851674641149 358 0.21411483253588517 
338 1334 0.7978468899521531 338 0.2021531100478469 
341 1331 0.7960526315789473 341 0.20394736842105263 
349 1323 0.791267942583732 349 0.20873205741626794 
384 1288 0.7703349282296651 384 0.22966507177033493 
333 1339 0.8008373205741627 333 0.19916267942583732 
362 1310 0.7834928229665071 362 0.21650717703349281 
338 1334 0.7978468899521531 338 0.2021531100478469 
344 1328 0.7942583732057417 344 0.20574162679425836 
338 1334 0.7978468899521531 338 0.2021531100478469 
352 1320 0.7894736842105263 352 0.21052631578947367 
355 1317 0.7876794258373205 355 0.21232057416267944 
369 1303 0.7793062200956937 369 0.22069377990430622 
364 1308 0.7822966507177034 364 0.21770334928229665 
340 1332 0.7966507177033493 340 0.20334928229665072 
337 1335 0.7984449760765551 337 0.201555023923445 
361 1311 0.7840909090909091 361 0.2159090909090909 
332 1340 0.8014354066985646 332 0.19856459330143542 
344 1328 0.7942583732057417 344 0.20574162679425836 
393 1279 0.7649521531100478 393 0.23504784688995214 
384 1288 0.7703349282296651 384 0.22966507177033493 
354 1318 0.7882775119617225 354 0.2117224880382775 
360 1312 0.784688995215311 360 0.215311004784689 
347 1325 0.7924641148325359 347 0.2075358851674641 
358 1314 0.7858851674641149 358 0.21411483253588517 
336 1336 0.7990430622009569 336 0.20095693779904306 
361 1311 0.7840909090909091 361 0.2159090909090909 
339 1333 0.7972488038277512 339 0.2027511961722488 
341 1331 0.7960526315789473 341 0.20394736842105263 
369 1303 0.7793062200956937 369 0.22069377990430622 
368 1304 0.7799043062200957 368 0.22009569377990432 
509 1163 0.6955741626794258 509 0.30442583732057416 
354 1318 0.7882775119617225 354 0.2117224880382775 
374 1298 0.7763157894736842 374 0.2236842105263158 
361 1311 0.7840909090909091 361 0.2159090909090909 
349 1323 0.791267942583732 349 0.20873205741626794 
343 1329 0.7948564593301436 343 0.20514354066985646 
340 1332 0.7966507177033493 340 0.20334928229665072 
342 1330 0.7954545454545454 342 0.20454545454545456 
338 1334 0.7978468899521531 338 0.2021531100478469 
370 1302 0.7787081339712919 370 0.22129186602870812 
337 1335 0.7984449760765551 337 0.201555023923445 
408 1264 0.7559808612440191 408 0.24401913875598086 
338 1334 0.7978468899521531 338 0.2021531100478469 
363 1309 0.7828947368421053 363 0.21710526315789475 
346 1326 0.7930622009569378 346 0.2069377990430622 
357 1315 0.7864832535885168 357 0.21351674641148324 
335 1337 0.7996411483253588 335 0.20035885167464115 
324 1348 0.80622009569378 324 0.1937799043062201 
344 1328 0.7942583732057417 344 0.20574162679425836 
360 1312 0.784688995215311 360 0.215311004784689 
325 1347 0.805622009569378 325 0.194377990430622 
359 1313 0.7852870813397129 359 0.21471291866028708 
331 1341 0.8020334928229665 331 0.19796650717703348 
339 1333 0.7972488038277512 339 0.2027511961722488 
360 1312 0.784688995215311 360 0.215311004784689 
349 1323 0.791267942583732 349 0.20873205741626794 
320 1352 0.8086124401913876 320 0.19138755980861244 
353 1319 0.7888755980861244 353 0.2111244019138756 
358 1314 0.7858851674641149 358 0.21411483253588517 
355 1317 0.7876794258373205 355 0.21232057416267944 
367 1305 0.7805023923444976 367 0.21949760765550239 
347 1325 0.7924641148325359 347 0.2075358851674641 
371 1301 0.77811004784689 371 0.22188995215311005 
365 1307 0.7816985645933014 365 0.21830143540669855 
320 1352 0.8086124401913876 320 0.19138755980861244 
339 1333 0.7972488038277512 339 0.2027511961722488 
326 1346 0.8050239234449761 326 0.19497607655502391 
334 1338 0.8002392344497608 334 0.19976076555023922 
337 1335 0.7984449760765551 337 0.201555023923445 
332 1340 0.8014354066985646 332 0.19856459330143542 
321 1351 0.8080143540669856 321 0.19198564593301434 
346 1326 0.7930622009569378 346 0.2069377990430622 
354 1318 0.7882775119617225 354 0.2117224880382775 
332 1340 0.8014354066985646 332 0.19856459330143542 
345 1327 0.7936602870813397 345 0.2063397129186603 
352 1320 0.7894736842105263 352 0.21052631578947367 
344 1328 0.7942583732057417 344 0.20574162679425836 
361 1311 0.7840909090909091 361 0.2159090909090909 
351 1321 0.7900717703349283 351 0.20992822966507177 
351 1321 0.7900717703349283 351 0.20992822966507177 
356 1316 0.7870813397129187 356 0.21291866028708134 
370 1302 0.7787081339712919 370 0.22129186602870812 
355 1317 0.7876794258373205 355 0.21232057416267944 
353 1319 0.7888755980861244 353 0.2111244019138756 
358 1314 0.7858851674641149 358 0.21411483253588517 
351 1321 0.7900717703349283 351 0.20992822966507177 
332 1340 0.8014354066985646 332 0.19856459330143542 
348 1324 0.7918660287081339 348 0.20813397129186603 
355 1317 0.7876794258373205 355 0.21232057416267944 
353 1319 0.7888755980861244 353 0.2111244019138756 
357 1315 0.7864832535885168 357 0.21351674641148324 
335 1337 0.7996411483253588 335 0.20035885167464115 
336 1336 0.7990430622009569 336 0.20095693779904306 
362 1310 0.7834928229665071 362 0.21650717703349281 
353 1319 0.7888755980861244 353 0.2111244019138756 
352 1320 0.7894736842105263 352 0.21052631578947367 
337 1335 0.7984449760765551 337 0.201555023923445 
322 1350 0.8074162679425837 322 0.19258373205741627 
354 1318 0.7882775119617225 354 0.2117224880382775 
343 1329 0.7948564593301436 343 0.20514354066985646 
362 1310 0.7834928229665071 362 0.21650717703349281 
339 1333 0.7972488038277512 339 0.2027511961722488 
354 1318 0.7882775119617225 354 0.2117224880382775 
327 1345 0.8044258373205742 327 0.19557416267942584 
344 1328 0.7942583732057417 344 0.20574162679425836 
358 1314 0.7858851674641149 358 0.21411483253588517 
458 1214 0.7260765550239234 458 0.27392344497607657 
333 1339 0.8008373205741627 333 0.19916267942583732 
344 1328 0.7942583732057417 344 0.20574162679425836 
350 1322 0.7906698564593302 350 0.20933014354066987 
325 1347 0.805622009569378 325 0.194377990430622 
377 1295 0.7745215311004785 377 0.22547846889952153 
274 1398 0.8361244019138756 274 0.1638755980861244 
351 1321 0.7900717703349283 351 0.20992822966507177 
322 1350 0.8074162679425837 322 0.19258373205741627 
352 1320 0.7894736842105263 352 0.21052631578947367 
362 1310 0.7834928229665071 362 0.21650717703349281 
333 1339 0.8008373205741627 333 0.19916267942583732 
358 1314 0.7858851674641149 358 0.21411483253588517 
344 1328 0.7942583732057417 344 0.20574162679425836 
364 1308 0.7822966507177034 364 0.21770334928229665 
339 1333 0.7972488038277512 339 0.2027511961722488 
320 1352 0.8086124401913876 320 0.19138755980861244 
350 1322 0.7906698564593302 350 0.20933014354066987 
346 1326 0.7930622009569378 346 0.2069377990430622 
348 1324 0.7918660287081339 348 0.20813397129186603 
381 1291 0.7721291866028708 381 0.2278708133971292 
330 1342 0.8026315789473685 330 0.19736842105263158 
364 1308 0.7822966507177034 364 0.21770334928229665 
357 1315 0.7864832535885168 357 0.21351674641148324 
329 1343 0.8032296650717703 329 0.19677033492822968 
383 1289 0.770933014354067 383 0.229066985645933 
349 1323 0.791267942583732 349 0.20873205741626794 
347 1325 0.7924641148325359 347 0.2075358851674641 
356 1316 0.7870813397129187 356 0.21291866028708134 
351 1321 0.7900717703349283 351 0.20992822966507177 
334 1338 0.8002392344497608 334 0.19976076555023922 
318 1354 0.8098086124401914 318 0.1901913875598086 
349 1323 0.791267942583732 349 0.20873205741626794 
320 1352 0.8086124401913876 320 0.19138755980861244 
356 1316 0.7870813397129187 356 0.21291866028708134 
366 1306 0.7811004784688995 366 0.21889952153110048 
326 1346 0.8050239234449761 326 0.19497607655502391 
344 1328 0.7942583732057417 344 0.20574162679425836 
355 1317 0.7876794258373205 355 0.21232057416267944 
331 1341 0.8020334928229665 331 0.19796650717703348 
353 1319 0.7888755980861244 353 0.2111244019138756 
