1320 1041 0.5726072607260726 430 0.23652365236523654 151 0.08305830583058306 196 0.1078107810781078 
1172 1163 0.6397139713971397 323 0.17766776677667767 147 0.08085808580858085 185 0.10176017601760176 
1245 1048 0.5764576457645765 444 0.24422442244224424 177 0.09735973597359736 149 0.08195819581958196 
1252 1027 0.564906490649065 448 0.24642464246424642 225 0.12376237623762376 118 0.06490649064906491 
1375 901 0.4955995599559956 607 0.3338833883388339 162 0.0891089108910891 148 0.0814081408140814 
1252 1023 0.5627062706270627 481 0.2645764576457646 171 0.09405940594059406 143 0.07865786578657866 
1150 1164 0.6402640264026402 344 0.18921892189218922 124 0.06820682068206821 186 0.10231023102310231 
1264 1061 0.5836083608360836 369 0.20297029702970298 269 0.14796479647964797 119 0.06545654565456546 
1319 995 0.5473047304730473 495 0.2722772277227723 160 0.08800880088008801 168 0.0924092409240924 
1109 1175 0.6463146314631463 335 0.18426842684268427 150 0.08250825082508251 158 0.08690869086908691 
1098 1135 0.6243124312431243 370 0.20352035203520352 211 0.11606160616061606 102 0.056105610561056105 
1506 975 0.5363036303630363 338 0.1859185918591859 347 0.19086908690869087 158 0.08690869086908691 
1494 1098 0.6039603960396039 283 0.15566556655665567 100 0.05500550055005501 337 0.18536853685368537 
1468 885 0.4867986798679868 578 0.3179317931793179 175 0.09625962596259625 180 0.09900990099009901 
1251 1038 0.570957095709571 428 0.23542354235423543 233 0.12816281628162815 119 0.06545654565456546 
1297 993 0.5462046204620462 480 0.264026402640264 218 0.11991199119911991 127 0.06985698569856985 
1110 1109 0.61001100110011 427 0.23487348734873487 163 0.08965896589658966 119 0.06545654565456546 
1029 1227 0.6749174917491749 288 0.15841584158415842 168 0.0924092409240924 135 0.07425742574257425 
1098 1131 0.6221122112211221 395 0.21727172717271728 173 0.09515951595159516 119 0.06545654565456546 
1191 1094 0.6017601760176018 413 0.22717271727172716 155 0.08525852585258525 156 0.0858085808580858 
1317 922 0.5071507150715071 603 0.3316831683168317 165 0.09075907590759076 128 0.0704070407040704 
1383 927 0.5099009900990099 551 0.3030803080308031 188 0.1034103410341034 152 0.08360836083608361 
1146 1124 0.6182618261826183 379 0.20847084708470848 178 0.09790979097909791 137 0.07535753575357536 
1459 810 0.44554455445544555 669 0.367986798679868 227 0.12486248624862487 112 0.061606160616061605 
1310 1010 0.5555555555555556 461 0.25357535753575355 192 0.10561056105610561 155 0.08525852585258525 
1398 994 0.5467546754675467 451 0.2480748074807481 172 0.09460946094609461 201 0.11056105610561057 
1104 1189 0.654015401540154 314 0.17271727172717272 155 0.08525852585258525 160 0.08800880088008801 
1435 934 0.5137513751375138 524 0.28822882288228824 169 0.09295929592959296 191 0.10506050605060506 
1002 1173 0.6452145214521452 408 0.22442244224422442 117 0.06435643564356436 120 0.066006600660066 
1138 1185 0.6518151815181518 316 0.17381738173817382 129 0.07095709570957096 188 0.1034103410341034 
1380 1124 0.6182618261826183 283 0.15566556655665567 136 0.0748074807480748 275 0.15126512651265125 
1439 943 0.5187018701870187 464 0.2552255225522552 258 0.1419141914191419 153 0.08415841584158416 
1177 1135 0.6243124312431243 357 0.19636963696369636 158 0.08690869086908691 168 0.0924092409240924 
1137 1168 0.6424642464246425 345 0.18976897689768976 123 0.06765676567656766 182 0.1001100110011001 
1270 1077 0.5924092409240924 410 0.22552255225522552 133 0.07315731573157316 198 0.10891089108910891 
1387 1048 0.5764576457645765 311 0.17106710671067107 301 0.16556655665566555 158 0.08690869086908691 
1317 936 0.5148514851485149 556 0.30583058305830585 217 0.11936193619361936 109 0.059955995599559955 
1413 962 0.5291529152915292 468 0.25742574257425743 219 0.12046204620462046 169 0.09295929592959296 
1428 965 0.5308030803080308 478 0.2629262926292629 175 0.09625962596259625 200 0.11001100110011001 
1482 878 0.4829482948294829 531 0.29207920792079206 276 0.15181518151815182 133 0.07315731573157316 
1243 1046 0.5753575357535754 448 0.24642464246424642 177 0.09735973597359736 147 0.08085808580858085 
1329 970 0.5335533553355336 483 0.26567656765676567 249 0.13696369636963696 116 0.0638063806380638 
1237 1000 0.5500550055005501 520 0.28602860286028603 177 0.09735973597359736 121 0.06655665566556655 
1291 1103 0.6067106710671067 312 0.1716171617161716 230 0.1265126512651265 173 0.09515951595159516 
1529 935 0.5143014301430143 422 0.23212321232123212 276 0.15181518151815182 185 0.10176017601760176 
1286 1057 0.5814081408140814 404 0.2222222222222222 189 0.10396039603960396 168 0.0924092409240924 
1250 1038 0.570957095709571 470 0.2585258525852585 150 0.08250825082508251 160 0.08800880088008801 
1454 1009 0.555005500550055 339 0.18646864686468648 295 0.16226622662266227 175 0.09625962596259625 
1208 1165 0.6408140814081408 287 0.15786578657865788 177 0.09735973597359736 189 0.10396039603960396 
1242 1037 0.5704070407040704 474 0.2607260726072607 153 0.08415841584158416 154 0.0847084708470847 
1362 1050 0.5775577557755776 392 0.2156215621562156 158 0.08690869086908691 218 0.11991199119911991 
1454 864 0.4752475247524752 579 0.3184818481848185 250 0.13751375137513752 125 0.06875687568756876 
1292 1038 0.570957095709571 442 0.24312431243124313 164 0.09020902090209021 174 0.09570957095709572 
1220 1132 0.6226622662266227 264 0.14521452145214522 310 0.1705170517051705 112 0.061606160616061605 
1406 971 0.5341034103410341 474 0.2607260726072607 187 0.10286028602860287 186 0.10231023102310231 
1192 1048 0.5764576457645765 473 0.2601760176017602 172 0.09460946094609461 125 0.06875687568756876 
1307 1061 0.5836083608360836 389 0.21397139713971397 186 0.10231023102310231 182 0.1001100110011001 
1027 1225 0.6738173817381738 314 0.17271727172717272 124 0.06820682068206821 155 0.08525852585258525 
1263 1023 0.5627062706270627 455 0.25027502750275027 212 0.11661166116611661 128 0.0704070407040704 
1071 1127 0.6199119911991199 427 0.23487348734873487 148 0.0814081408140814 116 0.0638063806380638 
1410 1081 0.5946094609460946 268 0.1474147414741474 265 0.14576457645764576 204 0.11221122112211221 
1338 990 0.5445544554455446 468 0.25742574257425743 210 0.11551155115511551 150 0.08250825082508251 
1411 947 0.5209020902090209 499 0.27447744774477445 204 0.11221122112211221 168 0.0924092409240924 
1282 1095 0.6023102310231023 342 0.18811881188118812 203 0.11166116611661166 178 0.09790979097909791 
1476 901 0.4955995599559956 543 0.2986798679867987 189 0.10396039603960396 185 0.10176017601760176 
1142 1199 0.6595159515951595 299 0.16446644664466448 117 0.06435643564356436 203 0.11166116611661166 
1102 1120 0.6160616061606161 410 0.22552255225522552 172 0.09460946094609461 116 0.0638063806380638 
1480 1000 0.5500550055005501 311 0.17106710671067107 352 0.1936193619361936 155 0.08525852585258525 
1537 990 0.5445544554455446 311 0.17106710671067107 325 0.17876787678767878 192 0.10561056105610561 
1386 967 0.5319031903190319 450 0.24752475247524752 267 0.14686468646864687 134 0.0737073707370737 
1425 903 0.4966996699669967 556 0.30583058305830585 208 0.11441144114411442 151 0.08305830583058306 
1216 1090 0.5995599559955995 401 0.22057205720572057 166 0.09130913091309131 161 0.08855885588558855 
1199 1048 0.5764576457645765 457 0.2513751375137514 197 0.10836083608360836 116 0.0638063806380638 
1510 900 0.49504950495049505 532 0.29262926292629265 180 0.09900990099009901 206 0.11331133113311331 
1064 1209 0.665016501650165 319 0.17546754675467546 125 0.06875687568756876 165 0.09075907590759076 
1508 1041 0.5726072607260726 260 0.14301430143014301 303 0.16666666666666666 214 0.11771177117711772 
1198 1150 0.6325632563256326 320 0.17601760176017603 166 0.09130913091309131 182 0.1001100110011001 
1217 1140 0.6270627062706271 303 0.16666666666666666 211 0.11606160616061606 164 0.09020902090209021 
991 1167 0.641914191419142 422 0.23212321232123212 118 0.06490649064906491 111 0.06105610561056106 
1334 1000 0.5500550055005501 452 0.24862486248624863 216 0.1188118811881188 150 0.08250825082508251 
1493 1107 0.6089108910891089 266 0.14631463146314633 108 0.0594059405940594 337 0.18536853685368537 
1273 1062 0.5841584158415841 357 0.19636963696369636 281 0.15456545654565457 118 0.06490649064906491 
1173 1164 0.6402640264026402 299 0.16446644664466448 191 0.10506050605060506 164 0.09020902090209021 
1225 1164 0.6402640264026402 271 0.14906490649064907 195 0.10726072607260725 188 0.1034103410341034 
1483 814 0.44774477447744776 651 0.3580858085808581 227 0.12486248624862487 126 0.06930693069306931 
1494 810 0.44554455445544555 650 0.35753575357535755 230 0.1265126512651265 128 0.0704070407040704 
1007 1170 0.6435643564356436 394 0.21672167216721672 149 0.08195819581958196 105 0.057755775577557754 
1485 1033 0.5682068206820682 284 0.1562156215621562 302 0.16611661166116612 199 0.10946094609460946 
1138 1205 0.6628162816281629 295 0.16226622662266227 111 0.06105610561056106 207 0.11386138613861387 
1136 1126 0.6193619361936193 394 0.21672167216721672 152 0.08360836083608361 146 0.08030803080308031 
1287 983 0.5407040704070407 535 0.29427942794279427 148 0.0814081408140814 152 0.08360836083608361 
1271 994 0.5467546754675467 501 0.2755775577557756 199 0.10946094609460946 124 0.06820682068206821 
1364 964 0.5302530253025303 512 0.2816281628162816 174 0.09570957095709572 168 0.0924092409240924 
1448 977 0.5374037403740374 458 0.25192519251925194 159 0.08745874587458746 224 0.12321232123212321 
1213 1039 0.5715071507150715 460 0.253025302530253 204 0.11221122112211221 115 0.06325632563256325 
1007 1192 0.6556655665566556 366 0.20132013201320131 139 0.07645764576457646 121 0.06655665566556655 
1348 1010 0.5555555555555556 455 0.25027502750275027 166 0.09130913091309131 187 0.10286028602860287 
1134 1169 0.643014301430143 279 0.15346534653465346 255 0.14026402640264027 115 0.06325632563256325 
1159 1204 0.6622662266226622 296 0.1628162816281628 91 0.05005500550055005 227 0.12486248624862487 
1270 996 0.5478547854785478 522 0.2871287128712871 152 0.08360836083608361 148 0.0814081408140814 
1127 1167 0.6422674738580078 355 0.1953769950467804 113 0.06219042377545404 182 0.10016510731975785 
1267 1097 0.6037424325811778 351 0.19317556411667583 191 0.10511832691249312 178 0.09796367638965328 
1154 1184 0.6516235553109522 310 0.170610897083104 125 0.06879471656576774 198 0.10897083104017612 
1336 1026 0.5646670335718217 414 0.22784810126582278 209 0.11502476609796368 168 0.09246009906439186 
1124 1188 0.6538249862410567 322 0.17721518987341772 119 0.0654925701706109 188 0.10346725371491469 
1253 1177 0.6477710511832692 253 0.13924050632911392 161 0.08860759493670886 226 0.12438084755090809 
1398 1002 0.5514584479911943 427 0.23500275178866262 193 0.10621904237754541 195 0.10731975784259769 
1247 1126 0.6197028068244359 327 0.17996697853604843 172 0.09466152999449642 192 0.10566868464501926 
1082 1197 0.658778205833792 319 0.1755641166758393 140 0.07705008255365987 161 0.08860759493670886 
1112 1163 0.6400660429279031 374 0.2058337919647771 102 0.05613648871766648 178 0.09796367638965328 
1514 810 0.44578976334617504 669 0.36818932305998897 169 0.093010456796918 169 0.093010456796918 
1379 1025 0.5641166758392956 393 0.2162905888827738 211 0.11612548156301596 188 0.10346725371491469 
1182 1035 0.569620253164557 504 0.2773802971931756 156 0.08585580627407816 122 0.06714364336818933 
1297 1092 0.6009906439185471 318 0.17501375894331314 242 0.13318657127132635 165 0.09080902586681343 
1125 1135 0.6246560264171711 352 0.19372592184920198 217 0.11942762795817281 113 0.06219042377545404 
1592 1028 0.565767749036874 323 0.17776554760594387 129 0.07099614749587231 337 0.18547055586130984 
1627 1032 0.5679691799669785 296 0.16290588882773804 136 0.0748486516235553 353 0.19427627958172813 
1168 1111 0.6114474408365438 343 0.1887727022564667 264 0.14529444138690148 99 0.05448541552008806 
1043 1172 0.6450192625206385 362 0.1992294991744634 168 0.09246009906439186 115 0.06329113924050633 
1171 1088 0.5987892129884425 444 0.24435883324160704 128 0.07044578976334617 157 0.0864061640066043 
1344 924 0.5085305448541552 556 0.30599889928453494 223 0.12272977435332967 114 0.06274078150798018 
1111 1180 0.6494221243808476 339 0.18657127132636214 122 0.06714364336818933 176 0.09686296092460099 
1269 964 0.5305448541552009 541 0.2977435332966428 208 0.11447440836543754 104 0.05723720418271877 
1376 1027 0.5652173913043478 403 0.22179416620803521 188 0.10346725371491469 199 0.10952118877270225 
1173 1159 0.6378646119977985 353 0.19427627958172813 95 0.05228398458998349 210 0.11557512383048982 
1479 1028 0.565767749036874 294 0.16180517336268574 300 0.1651073197578426 195 0.10731975784259769 
1173 1032 0.5679691799669785 513 0.28233351678591084 156 0.08585580627407816 116 0.06384149697303247 
1260 998 0.5492570170610898 500 0.275178866263071 197 0.10842047330764998 122 0.06714364336818933 
1375 997 0.5487066593285636 428 0.23555310952118877 229 0.12603192074848651 163 0.08970831040176115 
1112 1138 0.6263070996147496 407 0.2239955971381398 111 0.06108970831040176 161 0.08860759493670886 
1410 884 0.4865162355531095 590 0.3247110621904238 209 0.11502476609796368 134 0.07374793615850303 
1146 1133 0.6235553109521189 389 0.21408915795266922 128 0.07044578976334617 167 0.09190974133186572 
1415 994 0.5470555861309851 386 0.21243808475509082 282 0.15520088057237205 155 0.085305448541552 
1164 1113 0.6125481563015961 400 0.2201430930104568 148 0.08145294441386902 156 0.08585580627407816 
1068 1153 0.6345624656026417 372 0.20473307649972483 180 0.09906439185470556 112 0.061640066042927905 
1115 1151 0.6334617501375894 336 0.1849201981287837 211 0.11612548156301596 119 0.0654925701706109 
1357 994 0.5470555861309851 465 0.25591634562465604 182 0.10016510731975785 176 0.09686296092460099 
1383 998 0.5492570170610898 445 0.2449091909741332 184 0.10126582278481013 190 0.10456796917996698 
1453 1054 0.5800770500825536 270 0.14859658778205834 296 0.16290588882773804 197 0.10842047330764998 
1175 1027 0.5652173913043478 497 0.2735277930654926 201 0.11062190423775455 92 0.05063291139240506 
1021 1168 0.6428178315905339 391 0.21518987341772153 144 0.07925151348376444 114 0.06274078150798018 
1376 1119 0.6158503026967529 283 0.15575123830489818 152 0.08365437534397359 263 0.14474408365437536 
1497 1024 0.5635663181067694 338 0.186020913593836 206 0.11337369290038525 249 0.13703907539900936 
1237 1098 0.6042927903137039 357 0.1964777105118327 206 0.11337369290038525 156 0.08585580627407816 
1558 879 0.4837644468904788 518 0.28508530544854155 220 0.12107870115575124 200 0.1100715465052284 
1609 1024 0.5635663181067694 314 0.1728123280132086 142 0.07815079801871216 337 0.18547055586130984 
1292 1027 0.5652173913043478 448 0.24656026417171162 182 0.10016510731975785 160 0.08805723720418272 
1273 1021 0.561915244909191 449 0.24711062190423774 217 0.11942762795817281 130 0.07154650522839846 
991 1190 0.654925701706109 363 0.19977985690698954 164 0.09025866813428729 100 0.0550357732526142 
1402 972 0.53494771601541 452 0.24876169510181617 229 0.12603192074848651 164 0.09025866813428729 
1266 1048 0.5767749036873968 382 0.21023665382498624 277 0.15244909190974132 110 0.06053935057787562 
1220 1031 0.5674188222344524 480 0.26417171161254815 178 0.09796367638965328 128 0.07044578976334617 
1211 1093 0.6015410016510732 359 0.19757842597688496 243 0.1337369290038525 122 0.06714364336818933 
1463 810 0.44578976334617504 663 0.3648871766648321 232 0.12768299394606494 112 0.061640066042927905 
1265 1082 0.5954870665932857 385 0.21188772702256467 170 0.09356081452944413 180 0.09906439185470556 
1190 1058 0.5822784810126582 437 0.24050632911392406 213 0.11722619702806825 109 0.059988992845349476 
1188 1165 0.6411667583929554 291 0.1601541001651073 186 0.10236653824986242 175 0.09631260319207485 
1297 1058 0.5822784810126582 367 0.2019812878370941 246 0.13538800220143093 146 0.08035222894881673 
1137 1195 0.6576774903687397 301 0.16565767749036875 127 0.06989543203082003 194 0.10676940011007155 
1526 1000 0.550357732526142 306 0.16840946615299945 313 0.17226197028068244 198 0.10897083104017612 
1114 1089 0.5993395707209687 447 0.24600990643918547 176 0.09686296092460099 105 0.05778756191524491 
1441 1031 0.5674188222344524 261 0.14364336818932305 395 0.21739130434782608 130 0.07154650522839846 
1211 1164 0.6406164006604292 324 0.17831590533847 100 0.0550357732526142 229 0.12603192074848651 
1353 958 0.527242707760044 484 0.2663731425426527 256 0.14089157952669235 119 0.0654925701706109 
1372 1035 0.569620253164557 406 0.22344523940561364 162 0.089157952669235 214 0.11777655476059438 
1179 1135 0.6246560264171711 334 0.18381948266373144 199 0.10952118877270225 149 0.08200330214639516 
1272 1026 0.5646670335718217 431 0.2372041827187672 239 0.13153549807374793 121 0.06659328563566318 
1301 1103 0.6070445789763346 318 0.17501375894331314 205 0.11282333516785911 191 0.10511832691249312 
1387 924 0.5085305448541552 568 0.31260319207484866 156 0.08585580627407816 169 0.093010456796918 
1282 1138 0.6263070996147496 252 0.1386901485965878 251 0.13813979086406164 176 0.09686296092460099 
1579 932 0.5129334067143644 374 0.2058337919647771 328 0.18051733626857458 183 0.10071546505228399 
1396 1066 0.5866813428728673 245 0.13483764446890478 367 0.2019812878370941 139 0.07649972482113374 
1176 1151 0.6334617501375894 340 0.18712162905888827 142 0.07815079801871216 184 0.10126582278481013 
1442 1094 0.6020913593835994 283 0.15575123830489818 161 0.08860759493670886 279 0.15354980737479362 
1412 1059 0.5828288387451843 356 0.19592735277930656 150 0.0825536598789213 252 0.1386901485965878 
1304 1075 0.5916345624656026 354 0.19482663731425426 214 0.11777655476059438 174 0.0957622454595487 
1432 1034 0.5690698954320308 329 0.1810676940011007 259 0.14254265272427077 195 0.10731975784259769 
1364 930 0.5118326912493121 530 0.29168959823885526 237 0.13043478260869565 120 0.06604292790313704 
1338 1028 0.565767749036874 435 0.23940561364887178 159 0.08750687947165657 195 0.10731975784259769 
1251 1161 0.6389653274628508 277 0.15244909190974132 163 0.08970831040176115 216 0.11887727022564668 
1342 989 0.5443037974683544 451 0.24821133736929005 240 0.13208585580627408 137 0.07539900935608146 
1411 965 0.531095211887727 458 0.25206384149697303 229 0.12603192074848651 165 0.09080902586681343 
1193 1135 0.6246560264171711 359 0.19757842597688496 135 0.07429829389102917 188 0.10346725371491469 
1060 1204 0.662630709961475 284 0.15630159603742433 211 0.11612548156301596 118 0.06494221243808475 
1108 1181 0.6499724821133737 345 0.189873417721519 110 0.06053935057787562 181 0.0996147495872317 
1236 1068 0.5877820583379196 429 0.23610346725371492 153 0.08420473307649973 167 0.09190974133186572 
1086 1186 0.6527242707760044 329 0.1810676940011007 149 0.08200330214639516 153 0.08420473307649973 
1115 1090 0.5998899284534948 448 0.24656026417171162 170 0.09356081452944413 109 0.059988992845349476 
1206 1066 0.5866813428728673 442 0.24325811777655476 163 0.08970831040176115 146 0.08035222894881673 
1250 1021 0.561915244909191 473 0.26031920748486514 192 0.10566868464501926 131 0.0720968629609246 
1113 1174 0.6461199779856907 337 0.18547055586130984 142 0.07815079801871216 164 0.09025866813428729 
1082 1128 0.6208035222894882 406 0.22344523940561364 173 0.09521188772702256 110 0.06053935057787562 
1168 1164 0.6406164006604292 319 0.1755641166758393 153 0.08420473307649973 181 0.0996147495872317 
1255 1000 0.550357732526142 525 0.28893780957622456 146 0.08035222894881673 146 0.08035222894881673 
1141 1088 0.5987892129884425 428 0.23555310952118877 190 0.10456796917996698 111 0.06108970831040176 
1014 1177 0.6477710511832692 367 0.2019812878370941 172 0.09466152999449642 101 0.05558613098514034 
1396 917 0.5046780407264722 556 0.30599889928453494 192 0.10566868464501926 152 0.08365437534397359 
1157 1093 0.6015410016510732 434 0.23885525591634563 147 0.08090258668134287 143 0.0787011557512383 
1054 1160 0.6384149697303247 367 0.2019812878370941 183 0.10071546505228399 107 0.05888827738029719 
1551 810 0.44578976334617504 615 0.3384700055035773 240 0.13208585580627408 152 0.08365437534397359 
1463 1034 0.5690698954320308 301 0.16565767749036875 284 0.15630159603742433 198 0.10897083104017612 
1515 810 0.44578976334617504 629 0.34617501375894333 248 0.1364887176664832 130 0.07154650522839846 
1319 1001 0.5509080902586682 426 0.2344523940561365 277 0.15244909190974132 113 0.06219042377545404 
1295 1016 0.5591634562465603 461 0.2537149146945515 186 0.10236653824986242 154 0.08475509080902587 
1182 1124 0.6186020913593836 324 0.17831590533847 249 0.13703907539900936 120 0.06604292790313704 
1339 999 0.5498073747936159 419 0.23059988992845348 277 0.15244909190974132 122 0.06714364336818933 
1410 1012 0.5569620253164557 372 0.20473307649972483 261 0.14364336818932305 172 0.09466152999449642 
1352 1024 0.5635663181067694 441 0.2427077600440286 145 0.07980187121629059 207 0.11392405063291139 
1202 1018 0.5602641717116126 523 0.28783709411117225 149 0.08200330214639516 127 0.06989543203082003 
1237 1080 0.5943863511282333 399 0.21959273527793066 176 0.09686296092460099 162 0.089157952669235 
1136 1120 0.616400660429279 389 0.21408915795266922 177 0.09741331865712713 131 0.0720968629609246 
1097 1115 0.6136488717666483 442 0.24325811777655476 125 0.06879471656576774 135 0.07429829389102917 
1212 1093 0.6015410016510732 376 0.20693450742982938 208 0.11447440836543754 140 0.07705008255365987 
1299 1119 0.6158503026967529 284 0.15630159603742433 227 0.12493120528343424 187 0.10291689598238855 
1553 810 0.44578976334617504 632 0.34782608695652173 204 0.11227297743533296 171 0.09411117226197029 
998 1184 0.6516235553109522 371 0.20418271876719868 159 0.08750687947165657 103 0.056686846450192625 
1103 1195 0.6576774903687397 304 0.16730875068794718 155 0.085305448541552 163 0.08970831040176115 
1047 1213 0.6675839295542102 297 0.16345624656026417 171 0.09411117226197029 136 0.0748486516235553 
1187 1048 0.5767749036873968 476 0.2619702806824436 168 0.09246009906439186 125 0.06879471656576774 
1419 1005 0.5531095211887727 412 0.2267473858007705 193 0.10621904237754541 207 0.11392405063291139 
1439 1106 0.6086956521739131 261 0.14364336818932305 172 0.09466152999449642 278 0.15299944964226747 
1390 1045 0.5751238304898184 355 0.1953769950467804 216 0.11887727022564668 201 0.11062190423775455 
1019 1204 0.662630709961475 321 0.17666483214089157 178 0.09796367638965328 114 0.06274078150798018 
1382 1090 0.5998899284534948 265 0.14584479911942763 269 0.14804623004953218 193 0.10621904237754541 
1469 934 0.5140341221794166 497 0.2735277930654926 186 0.10236653824986242 200 0.1100715465052284 
1264 1039 0.5718216840946615 415 0.22839845899834893 240 0.13208585580627408 123 0.06769400110071547 
1017 1143 0.6290588882773803 436 0.2399559713813979 133 0.07319757842597689 105 0.05778756191524491 
1213 992 0.5459548706659328 550 0.3026967528893781 162 0.089157952669235 113 0.06219042377545404 
1439 997 0.5487066593285636 326 0.1794166208035223 369 0.2030820033021464 125 0.06879471656576774 
1410 1028 0.565767749036874 396 0.21794166208035223 165 0.09080902586681343 228 0.12548156301596036 
1360 986 0.542652724270776 446 0.24545954870665934 241 0.13263621353880023 144 0.07925151348376444 
1292 964 0.5305448541552009 547 0.3010456796917997 173 0.09521188772702256 133 0.07319757842597689 
1380 918 0.5052283984589984 533 0.29334067143643366 251 0.13813979086406164 115 0.06329113924050633 
1471 831 0.457347275729224 651 0.35828288387451845 185 0.10181618051733626 150 0.0825536598789213 
1057 1193 0.6565767749036874 340 0.18712162905888827 135 0.07429829389102917 149 0.08200330214639516 
1311 992 0.5459548706659328 474 0.2608695652173913 216 0.11887727022564668 135 0.07429829389102917 
1424 1035 0.569620253164557 332 0.18271876719867913 258 0.14199229499174462 192 0.10566868464501926 
1039 1170 0.6439185470555862 398 0.2190423775454045 106 0.058337919647771054 143 0.0787011557512383 
1467 810 0.44578976334617504 662 0.364336818932306 230 0.12658227848101267 115 0.06329113924050633 
1328 1020 0.5613648871766649 416 0.22894881673087508 231 0.1271326362135388 150 0.0825536598789213 
1308 1107 0.6092460099064392 294 0.16180517336268574 234 0.12878370941111722 182 0.10016510731975785 
1301 953 0.5244909190974133 554 0.30489818381948264 183 0.10071546505228399 127 0.06989543203082003 
1485 1004 0.5525591634562466 316 0.17391304347826086 322 0.17721518987341772 175 0.09631260319207485 
1397 885 0.4870665932856357 590 0.3247110621904238 219 0.12052834342322509 123 0.06769400110071547 
1344 1065 0.5861309851403412 384 0.21133736929003852 144 0.07925151348376444 224 0.12328013208585581 
1273 1041 0.5729223995597138 414 0.22784810126582278 227 0.12493120528343424 135 0.07429829389102917 
1159 1146 0.6307099614749587 357 0.1964777105118327 140 0.07705008255365987 174 0.0957622454595487 
1362 1056 0.5811777655476059 380 0.20913593835993396 161 0.08860759493670886 220 0.12107870115575124 
1401 936 0.5151348376444689 528 0.29058888277380296 186 0.10236653824986242 167 0.09190974133186572 
1044 1145 0.6301596037424326 415 0.22839845899834893 142 0.07815079801871216 115 0.06329113924050633 
1341 1073 0.5905338470005503 357 0.1964777105118327 177 0.09741331865712713 210 0.11557512383048982 
1144 1109 0.6103467253714915 417 0.2294991744634012 146 0.08035222894881673 145 0.07980187121629059 
1118 1167 0.6422674738580078 344 0.18932305998899285 144 0.07925151348376444 162 0.089157952669235 
1077 1127 0.620253164556962 417 0.2294991744634012 159 0.08750687947165657 114 0.06274078150798018 
1456 1108 0.6097963676389653 257 0.1414419372592185 157 0.0864061640066043 295 0.1623555310952119 
1502 1066 0.5866813428728673 337 0.18547055586130984 77 0.04237754540451293 337 0.18547055586130984 
1007 1171 0.6444689047881123 398 0.2190423775454045 135 0.07429829389102917 113 0.06219042377545404 
1712 920 0.5063291139240507 322 0.17721518987341772 335 0.18436984039625756 240 0.13208585580627408 
1238 1055 0.5806274078150798 422 0.2322509631260319 204 0.11227297743533296 136 0.0748486516235553 
1267 1131 0.6224545954870666 243 0.1337369290038525 305 0.1678591084204733 138 0.0759493670886076 
1296 1009 0.5553109521188773 462 0.2542652724270776 204 0.11227297743533296 142 0.07815079801871216 
1587 932 0.5129334067143644 341 0.18767198679141442 386 0.21243808475509082 158 0.08695652173913043 
1245 1113 0.6125481563015961 303 0.16675839295542103 261 0.14364336818932305 140 0.07705008255365987 
1285 1075 0.5916345624656026 329 0.1810676940011007 283 0.15575123830489818 130 0.07154650522839846 
1453 921 0.5068794716565768 504 0.2773802971931756 227 0.12493120528343424 165 0.09080902586681343 
1229 1080 0.5943863511282333 392 0.21574023115024765 198 0.10897083104017612 147 0.08090258668134287 
1230 1039 0.5718216840946615 462 0.2542652724270776 180 0.09906439185470556 136 0.0748486516235553 
1595 913 0.5024766097963677 412 0.2267473858007705 293 0.16125481563015961 199 0.10952118877270225 
1227 1037 0.5707209686296092 460 0.25316455696202533 193 0.10621904237754541 127 0.06989543203082003 
1355 1060 0.5833791964777105 366 0.20143093010456797 184 0.10126582278481013 207 0.11392405063291139 
1411 928 0.5107319757842598 497 0.2735277930654926 262 0.1441937259218492 130 0.07154650522839846 
1537 1090 0.5998899284534948 254 0.13979086406164007 136 0.0748486516235553 337 0.18547055586130984 
1165 1178 0.6483214089157953 324 0.17831590533847 104 0.05723720418271877 211 0.11612548156301596 
1396 990 0.5448541552008805 406 0.22344523940561364 273 0.15024766097963677 148 0.08145294441386902 
1034 1229 0.6763896532746285 307 0.16895982388552558 116 0.06384149697303247 165 0.09080902586681343 
1384 944 0.519537699504678 505 0.2779306549257017 225 0.12383048981838195 143 0.0787011557512383 
1475 885 0.4870665932856357 531 0.2922399559713814 259 0.14254265272427077 142 0.07815079801871216 
1216 1029 0.5663181067694001 478 0.26307099614749585 192 0.10566868464501926 118 0.06494221243808475 
1297 1113 0.6125481563015961 332 0.18271876719867913 151 0.08310401761144744 221 0.12162905888827738 
1314 1119 0.6158503026967529 313 0.17226197028068244 154 0.08475509080902587 231 0.1271326362135388 
1356 1069 0.5883324160704458 317 0.17446340121078702 254 0.13979086406164007 177 0.09741331865712713 
1076 1134 0.624105668684645 404 0.22234452394056137 165 0.09080902586681343 114 0.06274078150798018 
1191 1034 0.5690698954320308 489 0.2691249312052834 180 0.09906439185470556 114 0.06274078150798018 
1027 1219 0.6708860759493671 317 0.17446340121078702 133 0.07319757842597689 148 0.08145294441386902 
1102 1215 0.6686846450192625 281 0.1546505228398459 142 0.07815079801871216 179 0.09851403412217942 
1529 824 0.453494771601541 622 0.3423225096312603 206 0.11337369290038525 165 0.09080902586681343 
1543 855 0.4705558613098514 556 0.30599889928453494 231 0.1271326362135388 175 0.09631260319207485 
1215 1102 0.6064942212438085 362 0.1992294991744634 206 0.11337369290038525 147 0.08090258668134287 
1588 810 0.44578976334617504 601 0.33076499724821135 231 0.1271326362135388 175 0.09631260319207485 
1213 1080 0.5943863511282333 424 0.23335167859108422 150 0.0825536598789213 163 0.08970831040176115 
1146 1075 0.5916345624656026 466 0.2564667033571822 148 0.08145294441386902 128 0.07044578976334617 
1267 1135 0.6246560264171711 273 0.15024766097963677 233 0.1282333516785911 176 0.09686296092460099 
1588 1048 0.5767749036873968 287 0.15795266923500276 145 0.07980187121629059 337 0.18547055586130984 
1118 1159 0.6378646119977985 340 0.18712162905888827 176 0.09686296092460099 142 0.07815079801871216 
1337 1032 0.5679691799669785 425 0.23390203632361034 168 0.09246009906439186 192 0.10566868464501926 
1298 1006 0.5536598789212989 458 0.25206384149697303 219 0.12052834342322509 134 0.07374793615850303 
1107 1142 0.6285085305448541 400 0.2201430930104568 118 0.06494221243808475 157 0.0864061640066043 
1337 1085 0.597138139790864 276 0.1518987341772152 307 0.16895982388552558 149 0.08200330214639516 
1475 1088 0.5987892129884425 287 0.15795266923500276 138 0.0759493670886076 304 0.16730875068794718 
1525 1103 0.6070445789763346 240 0.13208585580627408 137 0.07539900935608146 337 0.18547055586130984 
1474 1111 0.611784140969163 273 0.15033039647577093 95 0.05231277533039647 337 0.1855726872246696 
974 1210 0.6662995594713657 339 0.1866740088105727 166 0.09140969162995595 101 0.05561674008810573 
1405 1114 0.6134361233480177 262 0.14427312775330398 177 0.0974669603524229 263 0.1448237885462555 
1227 992 0.5462555066079295 543 0.29900881057268724 159 0.08755506607929515 122 0.0671806167400881 
1382 860 0.473568281938326 631 0.3474669603524229 224 0.12334801762114538 101 0.05561674008810573 
1350 1063 0.585352422907489 398 0.21916299559471367 113 0.06222466960352423 242 0.13325991189427314 
1288 969 0.5335903083700441 515 0.28359030837004406 223 0.12279735682819383 109 0.06002202643171806 
1221 1073 0.5908590308370044 410 0.22577092511013216 188 0.10352422907488987 145 0.07984581497797356 
1275 1034 0.5693832599118943 457 0.2516519823788546 157 0.08645374449339208 168 0.09251101321585903 
1309 1038 0.5715859030837004 427 0.23513215859030837 171 0.09416299559471365 180 0.09911894273127753 
1192 1131 0.6227973568281938 296 0.16299559471365638 271 0.14922907488986784 118 0.06497797356828194 
1419 862 0.4746696035242291 615 0.33865638766519823 213 0.11729074889867841 126 0.06938325991189427 
1191 1060 0.5837004405286343 471 0.2593612334801762 135 0.07433920704845814 150 0.08259911894273128 
957 1188 0.6541850220264317 391 0.21530837004405287 145 0.07984581497797356 92 0.05066079295154185 
1111 1223 0.6734581497797357 286 0.15748898678414097 96 0.05286343612334802 211 0.11618942731277533 
1436 912 0.5022026431718062 513 0.28248898678414097 250 0.13766519823788545 141 0.07764317180616741 
1378 883 0.48623348017621143 633 0.348568281938326 155 0.08535242290748898 145 0.07984581497797356 
1205 1089 0.599669603524229 409 0.22522026431718062 158 0.08700440528634361 160 0.0881057268722467 
1174 1108 0.6101321585903083 340 0.18722466960352424 270 0.1486784140969163 98 0.053964757709251104 
1259 1015 0.558920704845815 474 0.2610132158590308 196 0.10792951541850221 131 0.07213656387665199 
1085 1128 0.6211453744493393 394 0.21696035242290748 191 0.10517621145374449 103 0.05671806167400881 
1150 1120 0.6167400881057269 402 0.22136563876651982 134 0.07378854625550661 160 0.0881057268722467 
1505 831 0.45759911894273125 598 0.32929515418502203 254 0.13986784140969163 133 0.07323788546255507 
1208 1029 0.5666299559471366 485 0.2670704845814978 183 0.10077092511013216 119 0.06552863436123348 
1224 1069 0.5886563876651982 427 0.23513215859030837 163 0.08975770925110133 157 0.08645374449339208 
1426 949 0.5225770925110133 422 0.23237885462555066 331 0.18226872246696035 114 0.06277533039647577 
1199 1039 0.572136563876652 461 0.2538546255506608 210 0.11563876651982379 106 0.05837004405286344 
1186 1028 0.566079295154185 494 0.2720264317180617 190 0.10462555066079295 104 0.05726872246696035 
932 1201 0.6613436123348018 393 0.21640969162995594 127 0.06993392070484582 95 0.05231277533039647 
1153 1071 0.5897577092511013 463 0.2549559471365639 156 0.08590308370044053 126 0.06938325991189427 
1447 1000 0.5506607929515418 321 0.17676211453744495 359 0.19768722466960353 136 0.07488986784140969 
1364 932 0.513215859030837 555 0.30561674008810574 178 0.09801762114537445 151 0.08314977973568281 
1073 1216 0.6696035242290749 267 0.14702643171806168 193 0.10627753303964757 140 0.07709251101321586 
1450 977 0.5379955947136564 387 0.2131057268722467 293 0.16134361233480177 159 0.08755506607929515 
1396 1052 0.579295154185022 308 0.1696035242290749 280 0.15418502202643172 176 0.09691629955947137 
993 1205 0.663546255506608 350 0.19273127753303965 140 0.07709251101321586 121 0.06662995594713657 
1482 1105 0.6084801762114538 277 0.15253303964757708 97 0.05341409691629956 337 0.1855726872246696 
1336 1033 0.5688325991189427 345 0.18997797356828194 323 0.177863436123348 115 0.06332599118942732 
1295 973 0.5357929515418502 514 0.2830396475770925 206 0.11343612334801761 123 0.06773127753303965 
1205 1139 0.6272026431718062 342 0.1883259911894273 142 0.07819383259911894 193 0.10627753303964757 
1113 1060 0.5837004405286343 504 0.2775330396475771 147 0.08094713656387666 105 0.05781938325991189 
1361 978 0.538546255506608 464 0.2555066079295154 225 0.12389867841409692 149 0.08204845814977973 
992 1168 0.6431718061674009 407 0.22411894273127753 138 0.07599118942731277 103 0.05671806167400881 
1045 1144 0.6299559471365639 393 0.21640969162995594 185 0.10187224669603524 94 0.051762114537444934 
1008 1199 0.6602422907488987 358 0.197136563876652 127 0.06993392070484582 132 0.07268722466960352 
1173 1147 0.6316079295154186 322 0.17731277533039647 190 0.10462555066079295 157 0.08645374449339208 
1526 1083 0.5963656387665198 277 0.15253303964757708 119 0.06552863436123348 337 0.1855726872246696 
1195 1085 0.5974669603524229 431 0.23733480176211455 136 0.07488986784140969 164 0.09030837004405286 
1591 809 0.44548458149779735 548 0.30176211453744495 334 0.183920704845815 125 0.06883259911894272 
1212 1137 0.626101321585903 360 0.19823788546255505 105 0.05781938325991189 214 0.11784140969162996 
1531 955 0.5258810572687225 429 0.23623348017621146 194 0.10682819383259912 238 0.13105726872246695 
1173 1077 0.5930616740088106 436 0.24008810572687225 172 0.0947136563876652 131 0.07213656387665199 
1459 1003 0.5523127753303965 364 0.20044052863436124 252 0.13876651982378854 197 0.10848017621145374 
1023 1218 0.670704845814978 334 0.183920704845815 103 0.05671806167400881 161 0.08865638766519823 
1391 1014 0.5583700440528634 389 0.21420704845814978 237 0.1305066079295154 176 0.09691629955947137 
1435 1020 0.5616740088105727 299 0.16464757709251102 355 0.19548458149779735 142 0.07819383259911894 
1148 1051 0.5787444933920705 490 0.2698237885462555 167 0.0919603524229075 108 0.05947136563876652 
1404 954 0.525330396475771 463 0.2549559471365639 256 0.14096916299559473 143 0.07874449339207049 
1384 1077 0.5930616740088106 294 0.1618942731277533 245 0.13491189427312775 200 0.11013215859030837 
1133 1173 0.6459251101321586 325 0.1789647577092511 146 0.08039647577092511 172 0.0947136563876652 
1109 1150 0.6332599118942731 352 0.19383259911894274 185 0.10187224669603524 129 0.0710352422907489 
1433 1002 0.551762114537445 431 0.23733480176211455 147 0.08094713656387666 236 0.1299559471365639 
1325 1044 0.5748898678414097 387 0.2131057268722467 217 0.11949339207048458 168 0.09251101321585903 
1218 1061 0.5842511013215859 440 0.2422907488986784 167 0.0919603524229075 148 0.08149779735682819 
937 1219 0.6712555066079295 363 0.1998898678414097 128 0.07048458149779736 106 0.05837004405286344 
1413 859 0.47301762114537443 613 0.33755506607929514 232 0.1277533039647577 112 0.06167400881057269 
1325 937 0.5159691629955947 563 0.31002202643171806 186 0.10242290748898679 130 0.07158590308370044 
1014 1195 0.6580396475770925 347 0.191079295154185 155 0.08535242290748898 119 0.06552863436123348 
1470 1122 0.6178414096916299 255 0.14041850220264318 102 0.05616740088105727 337 0.1855726872246696 
1226 1132 0.6233480176211453 282 0.15528634361233482 262 0.14427312775330398 140 0.07709251101321586 
1161 1061 0.5842511013215859 477 0.2626651982378855 150 0.08259911894273128 128 0.07048458149779736 
1064 1197 0.6591409691629956 292 0.16079295154185022 209 0.11508810572687225 118 0.06497797356828194 
1075 1234 0.6795154185022027 284 0.15638766519823788 103 0.05671806167400881 195 0.10737885462555066 
1451 992 0.5462555066079295 328 0.18061674008810572 365 0.20099118942731278 131 0.07213656387665199 
1314 962 0.5297356828193832 511 0.2813876651982379 226 0.12444933920704845 117 0.0644273127753304 
1168 1076 0.5925110132158591 439 0.24174008810572686 174 0.09581497797356828 127 0.06993392070484582 
921 1232 0.6784140969162996 351 0.1932819383259912 129 0.0710352422907489 104 0.05726872246696035 
1346 1003 0.5523127753303965 414 0.22797356828193832 265 0.1459251101321586 134 0.07378854625550661 
1297 1139 0.6272026431718062 207 0.11398678414096916 320 0.1762114537444934 150 0.08259911894273128 
1270 935 0.5148678414096917 614 0.3381057268722467 145 0.07984581497797356 122 0.0671806167400881 
1448 992 0.5462555066079295 413 0.22742290748898678 198 0.10903083700440529 213 0.11729074889867841 
993 1185 0.6525330396475771 378 0.20814977973568283 144 0.07929515418502203 109 0.06002202643171806 
1459 992 0.5462555066079295 374 0.20594713656387664 265 0.1459251101321586 185 0.10187224669603524 
1353 1076 0.5925110132158591 355 0.19548458149779735 157 0.08645374449339208 228 0.12555066079295155 
1289 1044 0.5748898678414097 410 0.22577092511013216 207 0.11398678414096916 155 0.08535242290748898 
1474 1087 0.598568281938326 302 0.16629955947136563 109 0.06002202643171806 318 0.1751101321585903 
1252 1041 0.573237885462555 450 0.24779735682819384 173 0.09526431718061674 152 0.08370044052863436 
1169 1057 0.5820484581497798 474 0.2610132158590308 160 0.0881057268722467 125 0.06883259911894272 
1159 1184 0.6519823788546255 302 0.16629955947136563 133 0.07323788546255507 197 0.10848017621145374 
1264 1163 0.6404185022026432 241 0.1327092511013216 213 0.11729074889867841 199 0.10958149779735683 
1170 1011 0.5567180616740088 526 0.289647577092511 193 0.10627753303964757 86 0.0473568281938326 
1284 1099 0.6051762114537445 369 0.20319383259911894 129 0.0710352422907489 219 0.12059471365638766 
1239 1035 0.5699339207048458 461 0.2538546255506608 182 0.10022026431718062 138 0.07599118942731277 
948 1185 0.6525330396475771 404 0.22246696035242292 137 0.07544052863436124 90 0.04955947136563876 
1000 1227 0.6756607929515418 335 0.1844713656387665 97 0.05341409691629956 157 0.08645374449339208 
1196 1011 0.5567180616740088 522 0.28744493392070486 175 0.09636563876651982 108 0.05947136563876652 
1090 1182 0.6508810572687225 344 0.1894273127753304 124 0.06828193832599119 166 0.09140969162995595 
1473 909 0.5005506607929515 498 0.27422907488986786 252 0.13876651982378854 157 0.08645374449339208 
1208 1166 0.6420704845814978 216 0.11894273127753303 310 0.17070484581497797 124 0.06828193832599119 
1058 1130 0.6222466960352423 405 0.22301762114537446 190 0.10462555066079295 91 0.05011013215859031 
1538 878 0.4837465564738292 496 0.27327823691460057 281 0.15482093663911844 160 0.0881542699724518 
1378 1016 0.5597796143250688 430 0.2369146005509642 159 0.08760330578512397 210 0.11570247933884298 
1058 1213 0.6683195592286502 310 0.17079889807162535 128 0.07052341597796143 164 0.09035812672176309 
1190 1031 0.5680440771349863 479 0.26391184573002757 204 0.11239669421487604 101 0.05564738292011019 
1129 1121 0.6176308539944904 379 0.20881542699724517 195 0.10743801652892562 120 0.06611570247933884 
1115 1127 0.6209366391184573 381 0.20991735537190082 187 0.10303030303030303 120 0.06611570247933884 
1488 947 0.521763085399449 446 0.24573002754820936 224 0.12341597796143251 198 0.10909090909090909 
1155 1155 0.6363636363636364 321 0.1768595041322314 183 0.10082644628099173 156 0.0859504132231405 
1344 996 0.5487603305785124 450 0.24793388429752067 213 0.11735537190082644 156 0.0859504132231405 
1320 958 0.5278236914600551 511 0.2815426997245179 229 0.12617079889807162 117 0.06446280991735537 
1024 1149 0.6330578512396694 424 0.23360881542699724 126 0.06942148760330578 116 0.06391184573002755 
1339 987 0.543801652892562 458 0.25234159779614324 229 0.12617079889807162 141 0.07768595041322314 
1327 1045 0.5757575757575758 392 0.2159779614325069 199 0.10964187327823692 179 0.09862258953168045 
1519 824 0.4539944903581267 609 0.33553719008264465 236 0.13002754820936638 146 0.08044077134986226 
1358 999 0.5504132231404959 473 0.2606060606060606 144 0.07933884297520662 199 0.10964187327823692 
1174 1032 0.5685950413223141 509 0.2804407713498623 157 0.08650137741046832 117 0.06446280991735537 
1137 1132 0.6236914600550965 389 0.2143250688705234 134 0.07382920110192838 160 0.0881542699724518 
1360 935 0.5151515151515151 513 0.28264462809917357 254 0.1399449035812672 113 0.06225895316804408 
1012 1173 0.6462809917355372 388 0.2137741046831956 138 0.07603305785123966 116 0.06391184573002755 
1267 1100 0.6060606060606061 352 0.19393939393939394 174 0.09586776859504133 189 0.10413223140495868 
1608 1042 0.5741046831955923 104 0.05730027548209366 503 0.27713498622589533 166 0.09146005509641873 
983 1232 0.6787878787878788 325 0.1790633608815427 116 0.06391184573002755 142 0.07823691460055096 
1393 988 0.5443526170798898 490 0.2699724517906336 108 0.05950413223140496 229 0.12617079889807162 
994 1186 0.6534435261707989 372 0.2049586776859504 149 0.08209366391184574 108 0.05950413223140496 
1167 1085 0.5977961432506887 398 0.21928374655647384 227 0.12506887052341598 105 0.05785123966942149 
1320 1051 0.5790633608815428 331 0.18236914600550963 310 0.17079889807162535 123 0.06776859504132231 
1528 1076 0.5928374655647383 282 0.15537190082644628 125 0.06887052341597796 332 0.18292011019283747 
1297 1006 0.5542699724517907 475 0.26170798898071623 180 0.09917355371900827 154 0.08484848484848485 
1165 1134 0.6247933884297521 316 0.17410468319559227 246 0.13553719008264462 119 0.06556473829201102 
1197 1025 0.5647382920110193 510 0.2809917355371901 153 0.08429752066115702 127 0.0699724517906336 
1124 1108 0.6104683195592286 409 0.22534435261707988 179 0.09862258953168045 119 0.06556473829201102 
1345 1050 0.5785123966942148 381 0.20991735537190082 188 0.10358126721763085 196 0.10798898071625344 
1517 865 0.4765840220385675 561 0.3090909090909091 211 0.1162534435261708 178 0.09807162534435261 
1367 987 0.543801652892562 451 0.24848484848484848 215 0.1184573002754821 162 0.08925619834710743 
1686 893 0.4920110192837466 371 0.20440771349862258 338 0.18622589531680442 213 0.11735537190082644 
1448 982 0.5410468319559228 330 0.18181818181818182 391 0.21542699724517905 112 0.06170798898071626 
1357 1029 0.5669421487603306 422 0.2325068870523416 157 0.08650137741046832 207 0.1140495867768595 
1143 1094 0.6027548209366391 403 0.22203856749311296 214 0.11790633608815428 104 0.05730027548209366 
1160 1204 0.6633608815426997 267 0.14710743801652892 139 0.0765840220385675 205 0.11294765840220386 
1007 1250 0.6887052341597796 292 0.16088154269972452 104 0.05730027548209366 169 0.09311294765840221 
1014 1205 0.6639118457300276 353 0.19449035812672177 110 0.06060606060606061 147 0.08099173553719008 
1126 1130 0.6225895316804407 389 0.2143250688705234 151 0.08319559228650138 145 0.07988980716253444 
1122 1097 0.6044077134986225 415 0.22865013774104684 202 0.11129476584022038 101 0.05564738292011019 
1184 1109 0.6110192837465565 340 0.18732782369146006 254 0.1399449035812672 112 0.06170798898071626 
1143 1206 0.6644628099173554 241 0.1327823691460055 202 0.11129476584022038 166 0.09146005509641873 
1573 809 0.44573002754820934 627 0.34545454545454546 191 0.10523415977961433 188 0.10358126721763085 
1472 1124 0.6192837465564738 241 0.1327823691460055 119 0.06556473829201102 331 0.18236914600550963 
1353 1016 0.5597796143250688 416 0.22920110192837465 212 0.11680440771349862 171 0.09421487603305785 
978 1175 0.6473829201101928 401 0.2209366391184573 140 0.07713498622589532 99 0.05454545454545454 
1483 980 0.5399449035812672 330 0.18181818181818182 362 0.19944903581267218 143 0.07878787878787878 
1419 809 0.44573002754820934 690 0.38016528925619836 219 0.1206611570247934 97 0.0534435261707989 
1338 1050 0.5785123966942148 353 0.19449035812672177 251 0.13829201101928373 161 0.08870523415977961 
1225 1131 0.6231404958677685 337 0.18567493112947658 153 0.08429752066115702 194 0.1068870523415978 
1286 1030 0.5674931129476584 452 0.2490358126721763 165 0.09090909090909091 168 0.09256198347107437 
1156 1054 0.5807162534435262 498 0.2743801652892562 131 0.0721763085399449 132 0.07272727272727272 
1291 1039 0.5724517906336088 456 0.2512396694214876 125 0.06887052341597796 195 0.10743801652892562 
1203 1038 0.571900826446281 489 0.2694214876033058 150 0.08264462809917356 138 0.07603305785123966 
1087 1186 0.6534435261707989 287 0.1581267217630854 226 0.12451790633608815 116 0.06391184573002755 
1098 1173 0.6462809917355372 311 0.17134986225895316 206 0.11349862258953168 125 0.06887052341597796 
1046 1171 0.6451790633608815 363 0.2 160 0.0881542699724518 121 0.06666666666666667 
1182 1031 0.5680440771349863 517 0.28484848484848485 136 0.07493112947658402 131 0.0721763085399449 
1303 1044 0.5752066115702479 394 0.21707988980716253 222 0.12231404958677686 155 0.08539944903581267 
1081 1202 0.6622589531680441 322 0.17741046831955923 114 0.0628099173553719 177 0.09752066115702479 
1537 809 0.44573002754820934 605 0.3333333333333333 271 0.1493112947658402 130 0.07162534435261708 
975 1225 0.6749311294765841 323 0.17796143250688706 149 0.08209366391184574 118 0.06501377410468319 
1018 1205 0.6639118457300276 357 0.19669421487603306 98 0.05399449035812672 155 0.08539944903581267 
1521 809 0.44573002754820934 651 0.3586776859504132 195 0.10743801652892562 160 0.0881542699724518 
1147 1072 0.590633608815427 450 0.24793388429752067 182 0.10027548209366391 111 0.06115702479338843 
1116 1091 0.6011019283746556 455 0.25068870523415976 146 0.08044077134986226 123 0.06776859504132231 
1273 1134 0.6247933884297521 283 0.15592286501377411 204 0.11239669421487604 194 0.1068870523415978 
1265 1168 0.6435261707988981 277 0.15261707988980716 122 0.06721763085399449 248 0.13663911845730028 
1187 1108 0.6104683195592286 324 0.17851239669421487 286 0.15757575757575756 97 0.0534435261707989 
1487 975 0.5371900826446281 424 0.23360881542699724 185 0.10192837465564739 231 0.12727272727272726 
1036 1171 0.6451790633608815 379 0.20881542699724517 138 0.07603305785123966 127 0.0699724517906336 
1335 948 0.5223140495867769 547 0.30137741046831956 172 0.09476584022038567 148 0.0815426997245179 
1366 1010 0.5564738292011019 435 0.2396694214876033 179 0.09862258953168045 191 0.10523415977961433 
1126 1193 0.6573002754820937 296 0.1630853994490358 148 0.0815426997245179 178 0.09807162534435261 
1492 985 0.5426997245179064 381 0.20991735537190082 236 0.13002754820936638 213 0.11735537190082644 
1586 809 0.44573002754820934 576 0.31735537190082647 280 0.15426997245179064 150 0.08264462809917356 
1439 911 0.5019283746556474 561 0.3090909090909091 151 0.08319559228650138 192 0.10578512396694215 
1282 1007 0.5548209366391185 456 0.2512396694214876 230 0.12672176308539945 122 0.06721763085399449 
1604 809 0.44573002754820934 595 0.3278236914600551 224 0.12341597796143251 187 0.10303030303030303 
1209 1072 0.590633608815427 390 0.21487603305785125 240 0.1322314049586777 113 0.06225895316804408 
1422 1089 0.6 242 0.13333333333333333 272 0.14986225895316804 212 0.11680440771349862 
1401 904 0.4980716253443526 544 0.2997245179063361 244 0.13443526170798897 123 0.06776859504132231 
1014 1152 0.6347107438016529 428 0.23581267217630855 119 0.06556473829201102 116 0.06391184573002755 
1154 1159 0.6385674931129477 327 0.18016528925619835 160 0.0881542699724518 169 0.09311294765840221 
1448 871 0.47988980716253443 613 0.33774104683195594 158 0.08705234159779614 173 0.09531680440771349 
1569 809 0.44573002754820934 636 0.3504132231404959 177 0.09752066115702479 193 0.10633608815426997 
1159 1109 0.6110192837465565 374 0.20606060606060606 211 0.1162534435261708 121 0.06666666666666667 
1430 1090 0.6005509641873278 241 0.1327823691460055 263 0.14490358126721764 221 0.12176308539944904 
1433 1028 0.5663911845730027 323 0.17796143250688706 282 0.15537190082644628 182 0.10027548209366391 
1061 1196 0.6589531680440771 339 0.18677685950413223 118 0.06501377410468319 162 0.08925619834710743 
1090 1206 0.6644628099173554 309 0.17024793388429751 119 0.06556473829201102 181 0.09972451790633609 
1386 1023 0.5636363636363636 414 0.228099173553719 162 0.08925619834710743 216 0.11900826446280992 
1454 1001 0.5515151515151515 370 0.20385674931129477 248 0.13663911845730028 196 0.10798898071625344 
1176 1045 0.5757575757575758 474 0.2611570247933884 186 0.1024793388429752 110 0.06060606060606061 
1420 1014 0.5586776859504132 364 0.20055096418732782 255 0.14049586776859505 182 0.10027548209366391 
1186 1147 0.6319559228650138 268 0.14765840220385676 282 0.15537190082644628 118 0.06501377410468319 
1182 1159 0.6385674931129477 290 0.15977961432506887 206 0.11349862258953168 160 0.0881542699724518 
