5153.4  156 100001110101011100001101000011100001000111100010101000100111111001001100010000000001000010011101000110011010100000001100011010101001000100111000011100000001
4811.4  156 001000010100001011000111101001100000100110110110100100010100110011001100000010010011100010011001000100101010100000010110001000111010111001111000100100001000
4917.4  156 000000000110101000000110001000100010000010010111001101011011111010001000110000110111101100100010110011111110100000100110000100100100010101011001001000110000
5018.38  156 001000100010010001000001000000100010000000000110101111010100010111001100010000100101101011000011110111100010100000001101111110011110010110001000100100010000
5540.43  156 100100010111000111011100011110010010000000001010010100101011010011011010010000001101001100010100100001101010100000001100111000111111111001110000110100000001
5081.42  156 101011000100110001001000101011100000001001000111110000001100100101001100000001001100011110010111110001011101001010000011110100110010110001100100101100000001
4812.38  156 101010100101010101000101111101100001000001001100010000001000111011101100000010100101111011000101010000000010100010000100000110001010110000111000100100000010
4908.4  156 111111000100000000100100100101010000100100011111110011011011101110000100000001100000100011001100010000110010100000100100101100110010100100111100100100010000
5232.41  156 101101001000101101101010111000100001000001100111011100000100111110101000101000110110001110111010100001001010100001000101000001001010010001010110000000100100
4459.37  156 100000100111011100010100100100010010000010011101110110000000100000001010001000100000101001010000100101001010010000100110010101111010110010111000100100000001
4424.43  156 001100010010100101100100001001100000100011100001010010101100010011001100000010011101011110010000101101011110100000010110011111111100011010100101010001001000
6025.45  156 101100101010100001010111001001100001000111010000001000011010101000101100000100011011100111000110001110001011001000010010010111111101001011111011101010010000
5999.5  156 111111110101111111011111100110010000010000011111001010001011001101100010001000100001100001111011011101000110100010000110111001011111011001001100010000101000
5912.42  156 110010000101011111000110000010010000100101100101110011111010110011101010010000100100011000011010011100010100001000100001111000001111100001010100100100000100
4837.45  156 111110001110010101110110001011010000100100001010111110100110011010001010001000100001001001110011001011001110100000001001111010000010110111100111000010010000
5168.42  156 100010111011011000000001111001100000100101001111010110110010001001101100000001010101101100000100101000101010100000001111010100010000011011001101101000100100
4313.41  156 001111001011101101000110111001010000010011011010010000001100001000001100000001110101010000111011101111000010100001000000010010101010011010100101101010010000
4075.46  156 100110001010011110011110111010010010000101100011010111110000111011000010010000110100111010100110110011000010010001000010011111100100010110010011110010010000
4515.37  156 100100011011101101001111110001100000001110000000010010100000111011001100000001110111010100101000011010001100001000001000001000000100000010011000111100000001
4779.31  156 001000000000000000010000000001010000001100010011010001110010101010001100000001001100110000011101001110000010100000010000000100101001010111100101100100000001
5187.36  156 000000001000100000010000101001010000001010100101110001011110111011001100000001000010000101011111111100001010100000100000011011011010000000101101000010000001
5442.47  156 001101100111001110100000110010010000100001100011011110011101110111000100010000101100110101011101011110101111001001000111001110010000100010011110100100000001
4663.43  156 011010010010011001110110111010100001000011111101000001011110100011000100000010010100101010111100010110110110100000001010001001100110110101010000100010000001
5872.42  156 011110100010010001101101001110100010000110100111011111100010001110100000101000011000101011000110000110101010001000001001001100011110011000000110110100010000
5174.53  156 100110111110110111110111111011010001000100111100101000000001111001001010010000011010001101100111101111001010100000001110110111111110011110101011011010010000
5625.46  156 100110010001101001110010101001010000001011001011000111110000100011101100010000110111101001000001110100001011100010000110001001110111101101111010110001001000
4352.43  156 100110011000000110100101111010010001000111111111010001110010000001011010000010110000110011100010000001001010010000001111100000011010010111101110011010001000
5871.44  156 101010011010010110000101101111100000010100101000010001100011100111100000100001100100000110001001111111110010100000010110011101000010011111010100110100000100
3921.44  156 101001011010100110010001001101100010000011010111001111101000010001001100001000010111111001001001101010100010010000001110010010111101110110100110001010000010
4507.4  156 001100000001011101000101001110100001000011010111000101011110010100000001000100000011000111000000010000111110100000100100111000111111111001110000110100000001
5423.37  156 011010100101100100000100100100010001000001000111110000001100100101001010001000000000010100110110111000000010100010000001011111111010001101001100010100010000
5750.4  156 000011001010101100110000101001100000001000100000110011110010111011100000101000011101011100001010100110101010100000001100000000101001110000110011111010010000
4580.35  156 101000101010000000100000000010010001000001000101110101101111001100001000110000100000100011001100010000110010100000100101011010011101011000111000100100010000
4501.41  156 110000000000100110010010000101010000010001001110101001111100110111001100010000001011001101011010010111100110100010000001011100100011101000010110101100000010
5110.38  156 011000001010100001000011110010100001000000101100010010000110011011101100010000110001011011101000100100001010100000001011100000011001011001011000111100000100
5453.38  156 011000101000101000010111001001100000010110100010011111011000000011101100000001011001111001001010010101010111100000001010010011100100100001000000010000101000
5268.42  156 100000000010100000000100001001010000001011011001111100100101111111001100000001010111110011101100001100100100100000001000011111110101111111010000100010000001
5641.42  156 001011101001010111000000101000100000100101100111000000100110000100010000110000011100111111010110111100011010100000010110000011101101100101101100110010000001
5894.46  156 101110010010001101110011101001100000001111010100111100111011001010001100000001110111010010000011110110111000100000001110001100111001011001011001001010010000
6031.42  156 101001011110001100001011101001100000010101000110011011010001100001000100000100001110101110100110001000100101010000100110101000011101111100011000101000100010
5035.41  156 000001001010101000100100001010100000100110110011110101111010011011110010001000010011000110101111000110001110100000001100101000110001011111000010000100000010
5221.38  156 101100010100010101001000000110010000010011011101011001000001100010101010010000101101001100111000000111110010100000010101010000010010110000100011101001000100
4763.46  156 101010011100100110000110111001010000001101101011101011010001011111101100000100101110111001001100111000111010100010000110000100000111110011000000101100010000
5255.37  156 000010000100010001010001010101010000100001111100011001011011001010000100001000000000000110010101011011010110010000001100000010100110011111011010101100000100
6142.45  156 000011100101010101000010001110100010000110100000111111111011111110101010000100110011001000111010101011011001001000001101100100111000000110100100101100000001
5103.35  156 100001010110100010011010001000100010000101000101000001001001111011001010001000001011010000100100000110110010100000001011010011100001110011000000100000110000
4934.38  156 100010011000000000000110001010100010000001000011011000010011110001000100000100111101010100101000000110011010100000001110010101000100011101111011111000110000
5667.43  156 000100101010001011000101111001100001000010101011110111011011111000011000100001100001100110001101011011000010100000001101000111001111100100001001010001010000
4797.4  156 010001001111001000100000100010010000001010000101100001011000111111100100000010001100011110011101100000111010100000001010011101101100011100011100100100001000
4819.35  156 001100100100011000110111000000100010000000001000111111001100010000001010000010000010000100111000011100001110100000010001110101100001101011100010100100000100
5411.45  156 110101011010100111010001001001100000100000111010011101110111101001001100000010111110001110011101101100011111001000001000011000110001000010001110010001000010
5692.48  156 001001110101110111110111110110010010000111111111010001110010000001011010001000010000111001111001100010000010100000001100011010011001101101011011111001000100
5156.4  156 000010001000001000000000001010000101000111001001110011000001111100101000110000001100110100111110111111000010100000100110011101000010011111010100110010000001
4917.31  156 000100000001000000000000000000001000100000110001110110010001101001001100000001101001100001010001000100111010100000001110101101101001011000010100010100000010
5709.48  156 101010100011100100010101101111100000001100111111111100111010100111000010010000111100100110101101110101100010100000001000001111001110011001111001100001000010
4643.42  156 101010011001001111000001101001100000010100100011000000000100111111101100000001000001110000100110001111101110100000001100001111110001100101111001110001000100
5208.41  156 101000011010110100010101001001100000010110000011100101001000000110001100000001001101010011101111000111001000100000010010100001111010111010011111010010000001
4098.4  156 000011100101010111100111000010010000001111100111001111111001010010000010000100100000100011001100010000110010100000001100101100110010100100111100100100000100
4954.34  156 101100001000010010101001001000100001000001010000111001010010000010001100001000110110001110111010100001001010100001000101000001001010010001010110000000100100
4121.42  156 100100001010101000010110001001010000001000000111100010010111011111001100000001110110000110011101100011001010100000001101001111111100101010100101100010010000
5598.4  156 111100010000011000100101001000100000001110101101001011110110100011001100000010010011111101000011001100110010100000001000110010001101001001101100100001001000
5393.45  156 101010011010100001110111000000010010000101110100011010110010001001001100010000001111010011110110101111101010100000001011010101010110100010001110111010001000
5684.33  156 000000000000100000000000001010000100100000001100010001111101011011011100010000111001100110010001100110010001001010000110000000000010110111110000101100000001
5191.39  156 101010001000010111010110101011100000001011100000000100100101000111000100000001111111100100101000000101101010100000001100101101000010100010010110110010001000
5993.38  156 001001000100110100100010001110100010000100001010111110100110011010001000101000000100000110100110100001111011001010000110011000000000110100100110111100000001
4645.46  156 011110000100001010000011110010100010000110110011110101111010011011110000101000010011000110101111000110001110100000001111100110100100110100110110101100000010
4322.39  156 100101001010101000000000011000100010000011011010010000001100001000001100000001000011111100101110000111110010100000001011011011001101111111000010110010000001
5782.36  156 010100000000000001000000000000010010000001011001000100011001110101000000101000101110111001001100111000111010100000001010110000111001101100011110110100010000
6219.33  156 000001000000000000000100100001000100100110000110110011001000000011011000101000000010011110011011010110011000100010000010001010001101000101010110101100000100
5645.4  156 000001000000000000000000001000001001000011000001001100001111101011101100010000111101110101001101110110000001001001000010101111111011101111001010110001010000
5754.33  156 001010000000000000000000000010010000001101010110010000000001100001010100000100100000100110110101000111000110001000001110110110101100111101010000111100000001
4974.42  156 001000011000100000100101101000010000010101101101011001010010100111000100001000111101101111011011111101111010100010000100010001000000100100010110111000110000
4724.35  156 000001100110101000000001001001100000100100101100011010000001010001001100000001110110000011100110000101110000100010000000001011000000101011111101101000100100
5980.47  156 001100100111010110111001000010100010000101101010111100011101001000000100001000111101101011110111010111111110001010000010011101101100011100011100100100000001
4154.4  156 001000000100001001000010000110010001000100111100110100100011100010011000110000110000110101110110111110000010100000001011000110101110001001010110111100000001
5908.35  156 010101011000100100100000001010100010000000001111011001011000001100001001000100000101001101110000100001110110100001000110000000001000100100101111011001010000
5007.39  156 100111011010100001001001000001100000100110110110100100010100110011001100000001011011111010011100010110100000001001000000010111011010100010000100100100010000
4877.39  156 000000000010010001100000100001100010000001100001000011001101110010000100010000110111101100100010110011111110100010000010011110011001110110110110100100000100
4009.4  156 100001000000100101001110000001100000010011010111001111101000010001001100000010010110011011010011100010100001010001000010111101111000010110111000101100000010
5260.41  156 011000001000101000010001101001100000010001001000001001011101111111101001000001100101001001110000111000111110100000001010111011110110001011000110000100000100
5896.42  156 001100011001000011011000000001010000001100100011000000000100111111101100000100100111111110001100100011110101001001000111101111011000111010000000011000100001
5100.4  156 011110111010100100100111101001100000001110000011100101001000000110001010001000011101011100001010100110101010100000001010100000100101100011010100110010010000
4551.37  156 011101000110001011010110000001010010000110101011100110010001000000101010001000100000100011001100010000110010010001000100101100110010100100111100100100000001
4989.45  156 100010011111100100100001100101010000100100111101110111001110110011100010000010010111011010100010100111100010010000100001011100100011101000010110101100000010
5908.38  156 010001001010101100101001000101010000010000000111100010010111011111001100000001000010001000001001001100001111001000001011100000011001011001011000111010000001
5992.51  156 100110001110101101110100110011010000010111011000011111101111111111011010000001001101000111000011001001000010001010000101110011110011111010111100110010000100
3892.45  156 111001111001100001110010001001010000001011011001111100100101111111001100000001000001001110001100000101010010100010000010010110011110101111011100101010010000
5820.41  156 000001101110010010010110111000100000010110111000100100011001000111001100010000100001100001111011011101000110100000001110011101011100010011010000001000100100
4446.39  156 000001100100000010011001000010100010000011100000000100100101000111000010000010101000111000011100110001111010100000001001101111101111011101101000111100000001
4499.4  156 111010001110001001000100111010010001000110010001010100001111011001011010000100110000011100100100110010000110010000001110011000000000110100100110111010000100
5099.43  156 101010011000100100110101110001100000100000000110010101111010111110101100000001010101101100000100101000101010010001000111100110100100110100110110101010000001
5037.45  156 001110011011010011000100101001100010000001110001101000111011111111001010000010001110010100100100110000101110010000001110011100000000110101101111111001001000
5363.44  156 011100100010010000100101111001010010000110001100011110110101101001001010001000110100111010100110110011000010010001000100011000100110111111100110001010000010
5869.41  156 110000000110100000001101100001100000001011101110010111110110011010111010000010100101101000011000100010011010001000001100111000011100100001011100101100000001
4773.47  156 000101101010101111111101111101010000010100010011010001110010101010001010000010001001011001101111101101111111100010000100101001010110111110000000100010000010
4005.38  156 011010011011010000001101100110100001000101010110010000000001100001010010001000001011110000110101000011111110100000001000101101100000101100010100110100001000
5457.44  156 001100001010100101111000100001100000001111111001010111000111010011001000110000011000010010110111001010011110010000010001011010111001010111100000101100000001
4434.48  156 110110101111010011010110011110010000001011111101000001011110100011000100010000010100101010111100010110110110100000001001101110011001011110111000110100000001
4535.5  156 011011110111011001011110111110010000001010000101100001011000111111100100010000011000101101001111111110111010100000001011000010000001111100111110111100000001
4961.4  156 110000100101010100000110000110100001000100010010000011001001010010000000110000110000110101110110111110000010100000001001111110110110101000011010111100000001
4465.42  156 000011101001101001101101111001100001000010011000001101011101100111001100000100000010001001101000011010011011100010000100111101110110010000001100101100001000
5155.46  156 100000100011000101110001101011100000010101101111011100001011111110001100000010010110000101001101111101101110100000100000011110101001101110101100001100001000
4528.37  156 101001000110010100000100000010100010000001111100011001001001100011100000110000001111010110000011111100000010100000001110100001100001010001000100111100000001
5357.39  156 101010011000000110010111101011100000010010011010010101001000010011000100001000111011000001011001000001000010100000001101000110101011001001111100011000101000
4506.47  156 100010010100011001110111001110100010000110011100011110001110010011001100000100011101011110010001111010110010100000001110110100111011101101011000110100000001
5169.39  156 100000100000100100010101100000100000001100010011011111001001101111000100000001110111011010001100111101100010100000001110010000011111001010000100001100000001
5587.43  156 001000011000011111001000101100010000001001100111111001110000100010100100000001111111010000100011101011101110010000001011101001001000011001010110111100000001
5174.35  156 100000111010000101010100000001010000100001101010010110000110010011101100000100000101000000001001100100011100010000001011000010100011001100101110110010000010
4212.44  156 101010000101010100010101000001010010000111010001001001100011011111001010000100001101011001101110110110110110100000010011010010011011000000111110101100000001
4370.38  156 001000100000001010100010000110010010000010101010101001001001001100111000110000101000010001101100111000110010100010000101101010111000010000011110111100000010
6099.45  156 110001100110011101010110111110010000100001111001000100001011010011011010000010110101100010110101101110101001001000010001100100001000011100111000111100001000
5407.47  156 100101001011101100111100111011010000001000011110011111010001101001100001001000011101001100110100101111110010100000100110010010100010111110100001111010010000
4642.44  156 011111011011100011010010111001010000001000000100001110100011110001001010000001110111010000000010010010111010010000001110101100100100111011001111110010000010
5335.35  156 100010010000000100000000101000100000100100010010000011010111100100110001010000110011000000111100011110101010100000100100011001001001101001011110000001010000
4576.42  156 001100000010100000110000111001010000100001100100100110101101110011001100010000011110111111000111101001000010100000100101110001101010010100011101101010001000
6299.38  156 110001001010100010111010100001010000100101010001001010001000100111101010000001010010000001110000100111011110100010000011110000110001001010000100011000100001
6400.39  156 101000001010100101000101001001100000010000001011111100101010000101111000100001000110001000111001000011111010100000001100101000111001001101001100101100000100
4733.38  156 000010000001100001000000100000010000100110010111000011000110111111001010000100100100101101010000110000000010010000001011011011101101010010111100111010000001
4064.42  156 101010101000100101000110001001100001000110011111110101000001001001001100000010000000100111100001111010111010100000001001110010101101011110101001110000100100
4638.42  156 100111011000100110000001001010010001000011010010000000111001110001011100001000100001001101001010011111110010100000100111000011011000101110101111101010010000
5370.38  156 000000001011011001001001000110100000100101101111010011010110001011100100001000001100011001001001000010001011100000010011011010010010111000011000110100000001
4636.4  156 000100000000000001000100001000010000100001000111100110011101101011001100000001010111001111011000100111110010100000100011101101111000111010011110100100001000
5067.41  156 001001011100001100100110100110010000001011101001100000111111111000101000101000110001110010101101000000000110100000100000000010101111110111000100101010000001
5692.44  156 101010001000000100001001101001100010000101111011110001110000110010001100010000000111000100111110001101101001000110000110010110110101001111101100111000110000
4551.42  156 001000011000100000100100010011100010000101111110000001011100111011011100010000101111101111000000000011111010100000010011011001110011000000111110100100001000
5921.44  156 011010011000100101011101110001100000010100010010111111111000110001110000101000001100001001011001111100000110001000001111001010101100010110001100111100000001
4650.41  156 010010001000100100110100001001100010000001001010111100111100111001101100000001000100101111010011001000001110100000100110111110101110000101010101000001010000
4945.39  156 011000001010101010010110001001100000100001000001101111101000011011101100000001010101100010101110100001011010100000010000111000000001001000101011111000100010
5556.43  156 101010000001000100000001101100100000001011101111001011001100100101111100010000110101010111100010110011010010100000001101000110101011001001111100011100000001
4400.44  156 111010001110110010000000001001010001000100111111111001010101111001001010000010001100001011100110111000111110010000010010000001100110010011010010111100001000
5609.47  156 101110101110111101110100011110010000001011110001010111010011101010011100001000110111011010001100111101100010100000001000001100111011000001000010110100010000
4543.4  156 101010010001000000001100100111010000010001011011010100100111110110001010000010001001011000101011100000101010010000010011101001001000011001010110111100000001
5629.35  156 100010001000001000000001001001100000010111111011001001010110100000101100000001110000000000100101000110010101000110000001011010100111000101101000001000100010
4589.46  156 001010010111010101001010001001010000100101111011110010010110111001001010000010001101011001101110110110110110100000010011010010011011000000111110101010000010
4222.38  156 000000000101010000010001110001010000100111000100111110101110010001001100000001000001001011010110001001010000001001000101001011111010111000110110100100000100
4544.37  156 101000100010001101100101101001010000010001000010010000111111010111001010000001000100001000101000101100101010100010000001100100001000011100111000111100010000
5278.37  156 010110001010101000000111001000100000100000101100010000010011011111010001000100111000010000110101101001001010100000001011010100000100100110100100111010000001
5592.44  156 111000000000010001110111100001100000001101100011011011101001111011101100000100111010011001000111011100100000100000010111000111101110010010101000101100000001
5843.4  156 100111101001001101000100101100100010000010110011101001111110000110011001010000000100101100101101010110000010100010000001001100100001000010010100111001001000
4641.45  156 000100101010101001111001111001100000010100100101101000101100010111001100000001011111011100101100111010111010100000010000101101001111000101110000110010000100
4024.41  156 101011101000010000110101111001010000100001101001100110111101011001001100010000000111101111110100000010000010100000100100010000101001100101001001101010001000
5447.31  156 101010000100010010100000001101010000100100010001001110010000000010001100010000101110101000100111000000000010100010000001000000101101010111001000001100000010
5897.45  156 011100011010101001111001111001100000010110011101101100001001001001001100000010111101110000111100000011001000001000010110001101000101111101000110111000100010
4986.38  156 001001011001101000100100100101100010000101110001110001011000010011010000110000101010010101000111001010001110100010000000110000000110100111010100100100000010
6336.38  156 100010100000100000000001101001100000010000000100000101111001111010000100000100100110001100101101111111110011010000100100110110001000101011001111000000100010
6416.4  156 100010000000100100000100001101010000001010010110110111010100010010001000100001111011111101001100110101001010010010000000010101101110101001011010101100010000
5063.4  156 000000011001001000000100001111100010000010000001110011000101101010111001001000111110011000100110011101001110100010000100101100011000101100101101100001010000
5071.45  156 101101001010100001000100001001010000100110111011101001010111111000101100010000110001110010101101000000000110100000001110101000100111111110110011111010010000
3946.4  156 111100001001101011100100001001010000100010010011111101100100000110001100000100110100000010111010011001001010010000100011011011000011100100000110100010010000
5801.42  156 010010001010101001001001001001100001000110001110010111111001111011011100000010101010001100110001111001011111010000100010100100100111000100000010100100000001
5059.42  156 101010101100000011000100011001010000001010011000001101011101100111001100000001011110000101011011111100010000001000100111010100101001110001001010101010000001
4825.44  156 100010010000001110010001001001100010000001001010111100111100111001101100000010101110011111001011010001001011100010000001101001111011110011001010101100010000
4891.45  156 101010000000100111000001101001010000001001101000011011010111111010011010000001001100011010101110011100111110100000100100001111001111001011011101010000110000
5852.45  156 001100111000011101110101101110010000010011100111000100101111110101101010000010001000110000001010000001000101001000001010110011111100011111101100110010000010
4951.44  156 101100100010011001000100001011100001000100111111111001010101111001001100010000011110010110101000001011111010100000001111011100001101110010000010100000101000
4731.47  156 101110011000110110010101101100010000010100010011011111001001101111000010000001011101101100011011110001111110100001000110100101001110011100010101100001010000
4794.44  156 100110000011100100110001000001100000001111011111101010001100111011001100000001000101000101000111110010111010100000010011111100100100101101111000101100000001
5199.42  156 110111101010100001110101000001010000001110100110111001001100000011001100000100110001100101101001000010111011100000010011000010100011001100101110110100001000
4418.44  156 101010100111011001111010110010100010000001101000110110111000011111110000100100011000000011111111011000110010100000001110000001100010011111110000000100000001
6017.39  156 100000100101000010010100101001100010000001001011110110110011111110000010010000010101011101100001101000101001010000010011001010101010000001000100111100010000
4406.4  156 100010001000100000011101001001010000100001101100100011011101101001001100000001011111110001111100001110010010100010000011000011110000101010010110010010010000
5758.42  156 001001111010100011001101001001010000001101000010001110110011111000001100000001101101101001100110010100010011001000010000000000101110111000111010111000110000
4668.35  156 000100100000010001000100001010100010000010010111010001101011001001011010000001001010000000000001011000111010100000001111000111101110010010101000101010000010
5342.36  156 000010100100010000100000001000010000001001001001111110100101011001001100000010110011101000110000101100101000010001000000010000111000111101111000101100000100
5325.44  156 001000001010001010010001001001100010000101000111101110100001111111101100010000111011101100000011011101010010100001000101110001101010010100011101101100001000
4877.42  156 000010001010100000011010101001100001000000010101001110011111001010001100000001010001010010011100101101011110100000010101111011110110011001100100111100001000
5137.43  156 101110011110110100001111101111100000001100101001000010001011100111001000100001010110011110100011001110000110100000001001000000101101010111001000001100010000
5226.37  156 000100101011101000000001100001100000001110011101101100001001001001001100000010000101111110001000010110011010001000010101101000100000110001011100000100000010
5508.36  156 101101101101010000001000000010010000010010110000000011011001110100101000110000010000111011110001000010011100001001000100010000000111100000101000111100000001
5192.43  156 101110011001100101100101101111100001000011010010000000111001110001011001000100100001001101001010011111110010100000010100011110111000001010001100001100010000
6231.44  156 101011110110010101001001000110010000010111000010011010010000111111101000110000111100000011010001000110101110001000010000010101101110101001011010101100000001
5741.45  156 100100100101010001000101100100100010000001000111100110011101101011001100000001010111001111011000100111110010100000001101001110111010101001110110110000100001
4760.46  156 100000011010101000000111100001100010000111100101010110011001110011001100000100101111111101100010110110110010100010000101111100111001010011111100000010000001
5757.42  156 010101110100010100100010110110010000100000001001101111010000010111011100010000000010001001011100000011111110100010000010110100111010011100010001111000110000
5581.51  156 101110100101011011111101001010010010000110001011010110101101011011011010010000101111101010000101011111000110100000001101000000111011101011011111110010010000
5205.39  156 000000000101010000010010100001010001000010010000011001001111000110001100001000110001010011000111101111011011001010000101111001011010011110001000101100001000
5657.46  156 011001101000100011110011111001100000001001001010111100111100111001101100000001100110001100111000111111010010100001000000011110101001101110101100001000100001
5523.4  156 100110110110100100000010100000100001000100100101001100101101111100000000110000010110100001111011000110100110100000001010100110110001000101110100110100010000
5433.46  156 111011101101001101100111110010010000100101000100010100011011111001010010001000001110101111100000010001100010100000001001110100111101110011000110101010000001
4968.43  156 010111011010100010011011101101010000001000101001110101010110111000001100000100011110010110101000001011111010100000001001000001011011100100100100101100000001
5465.42  156 001010000001000101010000010000100010000100111110001111111001110000001100001000110111011010001100111101100010100000100110110001101010001111111010100010000001
5683.46  156 111001011000101100001111100001100001000010011011011100101101111001111010010000100101000111010111100111111100001010000110101100100100001101000001100100000001
4943.41  156 000010011001101000000110001001100001000001101010010110000110010011101100000001100101010011111011100001111010100001000010101111010000110001011101010010010000
4150.44  156 111110010101011111011011110010010000010110101011100000111110000000001010001000010101101110000101111010110010100001000010111101100001100000100000110010000001
4344.47  156 101110000101010110001100111011010000001111000100111110101110010001001100001000010001101101111000111110001010100010000101001011111010111000110110100100000001
4854.45  156 011010100000001101001111001011100000010001000010010000111111010111001100001000111011011110110001110110000010100000001011001001101101110011110001110000100100
4215.46  156 000001100111110100010100111011010000100011101111100101111000101001001010000100111000010000110101101001001010100000001110000111100111110101110111100001010000
4470.4  156 110011011010101001001101100000100001000101110010011111100011000001000010000010010000001001001111100011111110100000001001001101001000001110011100010100001000
4826.4  156 000010010011101001000000111001100000100110110110010111000000111111101100000001010000000001110011010100010011001000100110000110100001011101001101110001010000
4890.42  156 100000000000101000000100001001100010000101000111101110100001111111101100000100111011101100000011011101010010100010000100110001001100101011111100110000110000
4396.38  156 011101010000110010000100001010100010000010000000011001000001001001011100001000010111101011100100000010110110100000010000101110111110110101101000011010000001
4371.46  156 100010000100001101101100100011010010000111110001011011110011100001100100010000111101111100000111001110001110010000001100000100101011011100001111111010010000
4842.42  156 111011011010001110110010111001010000010101000000001101000001111011000010000001100101010110101011101110001010010000010000010010101101000100111001010000110000
4993.46  156 111100110100011101010101110001010000010110101000000101100111111001101100010000010111000011001101100110110100100000100010000110111001001110011010111100001000
4531.4  156 111010010001111100011000011010100010000001100001010010011000000011001100010000100001001101001010011111110010100000010110010101101100101011010010010100010000
4038.38  156 101010000010000001000101100001010000100001000111111010001110010001001100000001010001100110001011001001110010100010000000010101101110101001011010101100001000
5511.52  156 111110100111011100111110110110100010000100111110000101001011011000001000100100100110111111101110111010100110001010000101001110111010101001110110110100000010
4653.44  156 101010100101010101110110000110100000100001111111011001001100011011111100000100110001110010101101000000000110100000001000000010101111110111000100101100000001
4140.46  156 111100101101101101110101110011010000010001001110111011100000111111011100010000000010001001011100000011111110100001000100011010011000001000100010111001010000
6181.35  156 000000000000000101000000000000000100100111010100001110101110001111001100001000001111100001100100000100101001001000001100110010111000110110110110100100001000
5868.41  156 000000001010101000011011101001100000001110111011010010000000101100001010001000000111110110011100110001100110010000010001010101100011011111000011101000100001
5947.43  156 101010010010100001010111000001010000100111100101100101001100101111101100000100110001000001101001110110000110001000010110001101110001100011100110101100010000
5196.35  156 001101000000000000000000101000010000010000111110011010011101001011100100010000011111001101000010100100110010100000010010001000010010010001001011111001000100
5096.45  156 100000011010101000010100100001100001000010111111010101001101101111001010000001110111010111101111000010000110001010000100100010111011010101011001110010001000
4481.44  156 100110000010010110010100100111100010000001101100011110000101000011011010001000101100110010011101000001111110100000010111100001101010011011010100111010000001
5306.4  156 000010011011100000011000101111100000001100100000101010101101001110100010010000000001111010110001010111011110100000001000100111111000100100011000110100000001
5557.48  156 111100111000101010110101101100010000001100011111111101111011000100100000110000101110011011010100001001001110100001000000011110110011011100001111101010000100
5440.37  156 000100000000000000010000000000001010000011110011010010011000100111101010000001000101111000010011011010011110100000010001011010101011010111011000111100001000
4814.4  156 100100101011100101000111000001100010000100110000000110011000101000001010000001011111011100110111100110100010100001000000101000011000111110000110101010000010
4891.39  156 100100101010010000000101111010100010000110000111010000101000010001011100010000011001110111111000010000000110100000010111000010101010001011011101100000110000
4317.38  156 101110011000100000010100001001100001000111010010001100001100111011001100000100001110010001000110110000111010100001000001110100010010101010011010001010000001
4348.41  156 000111111100000101010101100111010000100001000000010010111111110000001001010000111100010010110100011010110110100000100000001101001011000000000111111100000001
4731.4  156 101011000110100010010001001101010000001011001101000111000110001010101100000100000000111010010001011100111000000110000010100111111000110001010110100100000001
5022.38  156 100100000000000010010100101001010000100111101101100011100000110011011100010000010110001010100001000110101010010000001010011110110011000001100110100100001000
6152.44  156 001100011010110101010001000010010001000001111111000111100110100111100100010000001001100101011001001100011000001000001111111111101010110100100010100010000010
4038.4  156 001101100111000000000000001101010000010110011011100110011100110111101100000010011110011000000001000111010010010010000110000010100010001111010000111010000001
4370.42  156 110011010101011010010001011001100010000011011011100000111001001011001100001000010100110011000100000011011000100010000110100100101010111101110000101100000010
4201.46  156 101111010110101111100010000110010010000010010110010101111111100001101100010000100101101001000111100111110110010000010100100000011000101101000110111100001000
4782.39  156 101010000011100010011001101100100000100100001100000010110100100001001100000010000001111110111000010010100010100000001110101011100111110101010010100000100100
5637.4  156 010110001000101001110010001000100000010110001101100100110000110010001001000001111001101110010101011111000010100000001100111001100011000001110101100100001000
5677.38  156 001000000000000000101000010100010001000110000010010100011111010011101010000001101111110100000101001010000010100000001011111100100110111011011011001000100010
5712.4  156 100000000010000000001000000000000101000111011101011001111001000100101010000010111111000000010111010101111100000110000100100010110110010111111000111100000010
4005.48  156 111011001111010010011010101010010000001111000101111110010100101001001100010000111101111000011011101101110010100000010110100101011001100100011100110010000001
5430.35  156 100000001000000000011000101101010000001110101110001000010101001010101100010000101110100000000101101000011101001010000100000010001010110100010100110100000010
5830.45  156 101000010101110111001101100110010000010101111110100111001111001001001010000100000101110110101101110100111011100001000110011100001100000000010000101100000010
5039.46  156 011000100110101100010110101011100001000110111011010010000000101100001010000100100110001010101111010011110010100000010111111101110100010101110011100001010000
4025.46  156 110000100111101001100101010001010000001001111000111110011101001111001100000010110000101001101001100101110010100010000111100101110011100011001010101100010000
4808.37  156 000110000000011001000101100010100000100110110110001010100100100100000001000100000101100111001101110010000110100000001110100001111110100110000000110100000010
5888.4  156 110000111001101100000110100001100001000010111101111001000101101111110001010000010000101001010001000100010110010000001111101110001000101000000010001100010000
5450.36  156 000000000000000000000000100110001010000001101100011110000101000011011010000001101100110010011101000001111110100001000011010011000011101000100110111010000001
5338.34  156 000010000000000000000000100000000101000001100000000110110000000101010000110000101111111010110010011110000110010000010100001011111011010011100100101100000001
5149.45  156 111001011010010000010000000001010000001001101001010010111110011011101100000010101110011001100111000111101110010001000100100101110001101001101110111100000100
5424.46  156 100010001111001101100001100000010000010000001111110111011000100001001000110000111010110111011111011111000010100000010001011010101011010111011000111010001000
5988.44  156 100110000110010100100101100000100000010111111111011001001010010101101100000100111001110001010110011011100110100000001001001010101010010011011010101100000010
4193.42  156 100000110111010101010100000110100000100111010010101111011000001010101001000010011001110111111000010000000110100000001100011010101011001000010110110100000001
5028.37  156 011110000010100100000000001001100000001111010010001100001100111011001100000001000010110110101010110100110000001000010110101001000010100101010110001010000001
5660.46  156 011011010010100011110011111011100000100110010110010101010000111010001001010000111100010010110100011010110110100000100010000110001001011100111010111000101000
4141.46  156 101010111110110101001111100110010010000000010101010100011110110001101010010000000111000010001110110111110010100010000010100111111000110001010110100100000001
5866.42  156 001010010000100110110101010001010010000101010110001001111110001111001010000010000111011110010111111100000101001000001000000000101010111101110010000010010000
5316.44  156 011010011011100101100011001001100000100111110111001010011001011001101100000001000110101010110101110100101000100010000001110010010110101001010010101000110000
5138.4  156 101110000110101001100100001001100010000011100000111101000110011010011100000010111110000011111111100101111010100000010000000010110010000100000010100010000001
5248.45  156 100110010010000111001101000110100010000101010001011011100000101101100001010000000111100110011011110111011010100000001000111111100110011110011000110010000001
5902.38  156 101110010110100100111101101000100000001000011010001101010111101101010001000001100101011110011000010000000010100000001100000000001111100100001100001010000010
5587.41  156 111011100010001011100001110101010000001100001100000010110100100001001100000010010100110010100111011001110000001010000011010110111011010010011010100100001000
5192.4  156 100010101001000000000101011001010000001110001101100100110000110010001100000001111001101110010101011111000010100000010000101111100110010000010011101010000001
5119.38  156 001010001010100001010100100001010000001000010001011011101010110011101100000100110110100110011011010100010010100000001000000110110011100000110100101100010000
4642.33  156 000010000000100000000000000001000101000001100001000010110101000001101010000010000100101110101010100011100010000110000100100010110110010111111000111100000100
5176.46  156 110111011001100000011001010111010010000000111111011111000000010011111010000001110001101000011011010101010110010000100000111010101110100111100010110010010000
5593.41  156 000100010100011000000100110010100010000010101011111001101001010110001010000010111000000100100111011011111001001000100001000010100111100001101110111100000001
4155.48  156 101110011000000100010001001001010000001101111110100111001111001001001100000010111111000111101001111101111010100000100011111000101010001011111001110001001000
5230.36  156 000000011010100011000101000001100001000010110000011101011001011010001100000010010111001100010001110110001100001010000001010101001100000101100001001001010000
4458.43  156 110111111011100000110000001001010000010111100101100101001100101111101100000001111000010010010001000000001010001010000010111111101110100111000110000010000100
4442.48  156 111111111100110011111110101010010001000100101101000111110000100001010010010000011111001101000010100100110010010000001011110001111110110111010100100010010000
4332.38  156 000000010010100011000001001001100001000110110110100001000100100111001100000001111000011011001100100101111010100000001010100000101110101000011100011010000100
5710.44  156 000011000111110100011001000110100010000010101100000011111010000011010010000100101100110010011101000001111110100000010010011011111001111011010011100000100100
5968.39  156 000000000000001010101010000000010001000000000101110011110110000111011010000001110110101000111110001111001110100010000101101001110111000101000010110000100001
4074.42  156 100110010110100000010001001001010000001110011101000101011010100000001100000010010111000100100110010010111010100001000000101101111111101011111001100001001000
6828.43  156 100100111010101011000001100001100000001010010100101001001101100101111000101000001010001110101010010110101000000110000110011011001101101111100110010000100001
4957.41  156 100010101001000011001101001001100001000011001101001111001111011111101100000001000100110011110100000110110001010001000101000101001101100010001100000000110000
5030.43  156 101010110010100101101000001001010010000100100000111100111101011011010100001000000011011000011111101111111010100000001101010000101011000101100000011010010000
4981.46  156 000011011010100000110100111001100000001111010010001100001100111011001100000001011001010011011100110111111000001000010101100011011100111011100110110001001000
6125.42  156 000000001000000000000000011000000110000111001111000101111110010010001010000010001000111101111111011111100010100000001000110111001001111110011101110100001000
4756.4  156 101010001001110111000000110001100001000101010010011000100000000010001100000001011011100010010011111010001110010000100001110100100110111100111000111100000001
5004.41  156 100110011010101000010000000001100010000111101101100011100000110011011100001000001000000011011011010101011110100001000101110000110001111001101010100010001000
5776.38  156 101010001000100100011001100000100001000000101101110100100010110101010000110000001100001111100101110011010010100000100000100001000011010111010100110010000001
4939.44  156 101000000010010011000001111000010000010100001111010010001101111110001100010000001111101100000000011010111110010000010000110110110011101111101101011000110000
4935.4  156 101010001001110110000000000001100001000001101001100011110001000110001100000010100010101101001100110001001100000101000110000101111110000110011110111100000100
6271.42  156 010001100111001001101110010001100010000000111011110011110100110011001100000100110101011011010011001010111010001000010100000000001111100100001100001100000010
4767.41  156 101010111010100001011001101101100010000100001100000010110100100001001100001000000001111110111000010010100010100010000110101011100111110101010010100000110000
5230.41  156 100001010101011010011000100010010000100011110111001000110010010010011100010000101101111000110100000011101010100000001001110000001011101100110010101100001000
5784.35  156 000000001010000000000001001001100000010110000000010111110011110101001100000001001001000010101101010001011110010000100001011110101100110100001000010100000100
6062.48  156 011000010110001000100001100100100010000100011110100010111000000011110000101000101110010111111111111011110110100010000101110111011010001010111111101000100001
4674.37  156 000011011000010010000010000100100001000000101111100001010001110100011000100100111001000110101001000110001010100000100101101100011000011000001110111100000001
5404.39  156 011110101001101000000100101100100001000111101100000011111000101010100000110000100101111000010001110011010010100010000100000010001010110100010100110010000010
4130.44  156 110100010101001100111010011011010010000110100011111000011100000011001010010000111010000001110011011011001110010000001111011001001011010010001110100010000010
5463.46  156 001100101010100100100101100010100001000110111101111011001000011011100000100100100110001010101111010011110010100000010010111000100111110110111011001001010000
5787.38  156 101010110011100110010001100000010000001110000010110110100000000001010000110000010111100110010010011011110010100000100000001100100110011001110010110010010000
4831.43  156 100110011001110111110100111000010000001011110001001011111010000011101100001000011111001101000010100100110010100000010010001000010010010001001011111001000100
4973.37  156 011011010000100100000100010001010000100001111111011010000001000011100100000001110100001011100000011110010110100001000100001000101000011000001010111010000100
5183.41  156 101010001010000001010101000001100000100001110100011101101001001111101100000001101100110010011101000001111110100000010011001010010010000111010100011100000001
5692.49  156 100010101101110010000101110110010010000101110101000111111111001011111010010000100010111010000111010100011010100001000100111111110000101110011010111010000001
4247.39  156 100110101011000000100001101101010010000000100001100011010100001111001100000100101110011011010100001001001110010010000101100100101100111100000100100010010000
4649.44  156 110100001010100010010111101101100010000011110011010010011000100111101100010000100101110101110110101101001110010000001000100100001001110101110001010001010000
4091.35  156 100101101011000001000101000001100010000000001011000101001001100000001010000001000100101001001111010011010010100010000001001010101010010011011010101010000001
4364.38  156 100010010001111001011100100110010000100110000111010000101000010001011100010000100001001001001011000001110110010000001100011010000011011001011100101100000001
6014.37  156 101100100101011001010101101010010000100010110100000101011010110111000010000010100101011011000110110101111000100001000000001100000010000000000000011010000001
6168.37  156 001000010110010110110010000010100000010111001111000101111110010010001000100001100101001001011011110000001010100001000101000100100010101000010000000100000001
4720.38  156 111010001101000001100001000001010000010101010010011000100000000010001100010000101111001001111011001101000011010000100010100111111000110001010110100100000001
6288.38  156 100000001010101000000110000100010001000110101001101100011001000101001000110000000111011110010111111100000101001001000111011011011000000100101000100010000001
4772.47  156 100110110011100111001100101000010000010001111111000111100110100111100100010000011111010111011110111110001010010000001010011000111011011000000100110010010000
4675.44  156 101010011001000110111001000001100001000110011011100110011100110111101100000001011100010000110010101111010011010000001110001010011010010101001010100100001000
4989.42  156 000000011010011000001000101101100010000110000101010100111110000010011000110000100010011110110001101101101010100010000110000101111110000110011110111100000010
6443.42  156 101000110000000101110011101001100001000101010110110011110101010111001000100100110101011011010011001010111010010000010100000000001111100100001100001100001000
4405.37  156 000100100000000000010110101001100000010100101100010101001010000001101100000001010110110110001011110001111010100000001001001001100010001011110100101100000001
5335.46  156 101010000111010101010110110010100000010111111011000010100011001111010000110000111001101110010101011111000010100000001001110000001011101100110010101100000001
5257.38  156 011000111010000000100100001001010000100110000010010100011111010011101100010000001001000010101101010001011110100000001110000110101110010000011000111000110000
4427.4  156 010001010010100100000011000001100000001110001011000010010011110111001100000001011100000110111010101000110011001000001001011110101100101000110100101100000001
5275.41  156 000001001011101011110010100011100001000000101111100001010001110100011000100100111001000110101001000110001010100000010110100101011001100100011100110100010000
5827.37  156 100001011000101000000001110001010000001011100101110000001001011001001100000010100011001110111101010011110110010001000000110010100101111000000000000000100001
6084.31  156 001000000100000001010101000001010000100100001110010000000010001010001010000001001001111101010100100101011010100001000010000000001011010001101100010000100010
5915.44  156 100010010101010101100001110110100000100011000110101001001000110011101010000001110011010001101100110110000110100000010101010001110101011011010101101000100001
4009.47  156 100101100110011001000101001000100010000100101110110101011010100011001010000001100101111001101001111010111110100000001111000110100110111001101110101001001000
5623.38  156 110001000101010101011010100110010000010011111110000000001000011001101010000010000000001001000111101111000010100000001000100010101111101010001101100000100001
4966.4  156 101110111000100101001001001101100000010100101100100001001100101110101100000001010010110011000001001001000010010001000001110110101001001100110110101100001000
5632.37  156 100100010100000101001000001101100001000001010100100011010001010010101001000010111000101000101101000110011111001000001000111000111010001101000000110100000010
5488.36  156 110010001000100000000100000001100010000010011000100101001100111000001100000010100100011010011011001010010110010000100011110100001000011111010001101100000001
5157.42  156 100110010010000001110000001101100001000010110100111101010010110110101100000001000100000001101000010110100011001010000011110011110111100010111010101100010000
4898.35  156 010010101000100001010000100010010000010110000001011000011010000001110100010000001100011110000000001110001010100000100100001100111101010010101100110100001000
5278.41  156 100010011001100010010001101000010000010100100111001000001101011101101100000001010110110010001110010011001010100010000110001110001000111111100110100010000100
5331.41  156 100010111010100100010110001010100000100011100111010001110000101001000010000001110100101110100111010010111110100000001100001110001001010000001011110000100010
4702.42  156 000010000001000101001001001001100010000110000111100000001000110011101100001000011101000001010111000100001011010000010101111100101011101111111110111100001000
5775.36  156 000000101010000000000011001001100001000101010100100000110010101011001100000010000010001111011000110001111100000110000010101010000001110001011011110000100100
4944.45  156 110011001000010111000101000110010010000111101101000100100110100001111010010000011100101001011111100101011110100000100100110101100011101110000110100010000001
4014.34  156 100000001000000000000100000001010000001001111101001111011000000001001100000001010101000010100000000100110101000101000101010110111011100011000101101100001000
4576.49  156 011110000111110011101111010110010001000111101101010010110110110010100010001000010111011010101110000110000110010000001001111110111111000100111000100100000001
5790.34  156 000000000010000000100000000000010000010000011001000100010001010001001100000010011011111010001100011010111010010000100111001000011110010111001110101100000010
5487.42  156 001110000000011010010110110001100000100101101001101101101100010111101100000010110110101001110111010111000000010010000011000110101000011111000010000100000010
4818.4  156 100010010010000110000101101000100000100110110110000000000001011011011100010000111001101101110101001010001010100000010010011111001110101001110101000000110000
4518.44  156 000010011110100101110101101110010000010100000001101001001111010011011010000001000001100110011111000100110010100000001111111111100111001000101000110100010000
4940.42  156 101100000101101001000110010101100000100001010110100011100010110011101100000100010111100101010111100010101010100000001110001000101001100100011110100100000001
4404.37  156 001000000010000010000000000000000101000110010101111011100000011111001100000100100111100000011011111001000010100000001001100101010001110010110010111100010000
4663.4  156 101010001011010011100101101000100001000001001101000100010100000111011010000001101011010010011101010110001110100000001001011000101000110001011000111000100100
5869.38  156 000000011000000000000100000001010000001100001111101011100111011011011100000010001010101001010111111111001100001001000000010000101011110110000001100100000001
4892.38  156 000101100010000001110000001000100000100110111000111100101000000110001100000100010000100000110101111110001110100000001111101010001011100001010011110100000010
5051.39  156 010010111000100010010100111000100000010110000111000100100011001111001100000010010011000010100111110001011110100000001010000110001011011011000000101010010000
5682.43  156 010010111111110000000010101001010000001010100000111111010100110011101010000010111011110000111010000010000110001001000101100100001010111111000100110010000001
4834.47  156 101110011010010111000000101001100000100011101011010110010100000111001100000001111011011110010010101111110101001000100011101011010101011001100010111100010000
4692.38  156 100000101000100100001100100111100000010001010001111101110000110000111000100001001111100001011110110001000110100000001010010010100010010001010100110100000001
3864.4  156 001100001010010001100001110001100000100001101100010100100001100001001100000001011110000011111110000110001110010000001001110110101001001100110110101100001000
4749.39  156 101010011000101111100001001001100010000000100100010111000010110110001100000001010011001010010010011111000010100000100010110000001011000101111011100000101000
5667.44  156 100111011010101001100110111001010000001101101001001001011000110010101100010000100100111010111101110100000110100010000100001000100110110101000001111000110000
5387.38  156 110000101001111000000110101000100010000000010011010110000001101011001100010000011111001010000100010000111010100000010111000101101110100010010100010010000010
4363.42  156 101010011000010000010110101010100001000010000110010100000000111110011100000100101101111000100010010011001110100000001100010111101111111100011000110010001000
5770.42  156 011110001010101010011101100001100000001111110100100000000011100010101010001000110111001000111111111001010010100000001000010111110010100011010000001100000100
5695.4  156 001111000010101100110000001000100000001101010011110100001110100100000010010000011110011100111001110010110110100000001110000100000000010111110100101000100010
4025.38  156 001000100111010111010000100100010000010110000111100000001000110011101010000100000101111111011011110010000110100010000010001000100011111100000000100100001000
5993.35  156 000010000000000000000000000001000100100101110101100100101101110000001010000001001010010101111100010111010101000101000010101010000001110001011011110000100001
5193.39  156 101010010001000110010000000001010000001001100110000000010110101010101100000001100011010001111011001010110111001001000100110101100011101110000110100100000001
5029.4  156 010000010001010110101010000101010000100000100010010110010101100011001010000010010010001101110010111001101110100000001100001001101100110111111000100100000100
4802.4  156 010011000010100100000000101001010001000101000100001011101110011011001010000010000110010011011101101000001110010000100001111110111111000100111000100100000010
4570.38  156 001001001000111000110001001001010000001000010001110011001001111001001100000001010011011000100111000100011101001010000000010110100111000011101101001000110000
5590.35  156 101000100110100111010101001000100000010000110010001010100000000011001010000001010010101011011000010100010010100000010000100000001111100101101010110000110000
4033.4  156 101110101010101010110000001001010000100110010001010001001100100111001010000001111001101101110101001010001010100000010110000000100111010100000011100000110000
4328.44  156 100000100010101001010111001001010001000110100101100101011110111011101100010000000001100110011111000100110010100000001111101001001010011100010111101010010000
4118.42  156 001110010011010110111000100001010000001001111110001100010111111110001100001000110000101000010111100001101010010000010011111000111001001101001000000100000001
4813.34  156 000000000000000000000000001001001010000110000000101000011001011011001100010000100101111111111110000100010010100001000001011001101110001101001000101100010000
6123.42  156 011010000101110011111011000110010001000001001101000100010100000111011010010000101011010010011101010110001110010000001011000101001110100110011000001000100100
4999.44  156 110101101011011101010100111010010001000011011011011000101100111001000010000100010001101011010011001000011010100000001001101000011111110001101100100010000010
6408.34  156 100000001000000000000000000001000100010111010001011001000100010011101010000001101111000100011000000000101111000101000111001111010000010100010110110100010000
4895.46  156 001111011100001011011101001000010000001110000111000100100011001111001100010000111101011000100011110110110010100000001111001000110111011110111000101100000001
5797.42  156 100010000010100100100101101001100000001000101100100111010101110011001100000001101111110011101010110010110110010010000000000111110011101001000010011000100001
4864.37  156 001000001000000000000110111001010000001011101011010110010100000111001100000100101101001110000111100010010100010001000000001010001101101010100100111000100100
5888.43  156 101101001000100001101001001001100000001100011110101111111111001000001100000001110001101101100011010000101000100010000110111000101100001100010101111000100001
4200.41  156 100010000101000011111111111001100000010001101100010100100001100001001100000001101111010000100110011000010010100001000001110110101001001100110110101100000001
5535.51  156 110010011000101000111111101100010000001111011111010101111011110101101000110000010011001010010010011111000010010000001111011100001111001001111110111100000100
5764.38  156 100010011000110011110100100000100000001001010001100101110001010000011000110000011101100010001000011101011110100000001100101000110010110001100001010001000010
4736.38  156 100110110011100101100000101001100000100000010011010110000001101011001100000001011111001010000100010000111010100010000010100100011000111000110100001010000010
5697.39  156 011011110000010100001011110100100010000000011011011011000101001110101100010000001100011110000000001110001010100000001010010100010101000001011011110001000100
5276.44  156 100001001001000000100001101011100001000000101010000111010101101111010010000010011110100111100011000111101010100001000010110111101101011101110010101100010000
4677.41  156 011001001010101001011011001000100000100000001111000010001100000110000001000100110100101110100111010010111110100000001101101000110011100001011110101100000010
4531.44  156 101010011110100101110101101010010000100101001000000100100010110000000010000010111011011001111111100111110010100000100000011001101011110001000101110010010000
5847.43  156 011100011000101010010100101000100010000000111011101100000001101100111100010000000001110011101101000111101010100010000100111111101110101011110000000010010000
5241.45  156 100000101001001111100101101100100000010001101100011001010100100011000100000010111111111011101111110001110110100000001100100001001011111001010000011010000010
4744.46  156 001110000101010111111111101110010000100110001100101110010011100101010010001000000001110111001111110000101010010000001100001001101100110111111000100100000001
3783.42  156 011110101010100101100110001001100000100011110111010111000110011001001100000001000001001000001110111111111010100000010100001001100111000001000011001000100010
5690.47  156 100101001010101001111111101111010000001011011000000100111001000001001100000001101111001100101001010001110011100000001110001110110111100110111100110010000001
5512.35  156 010101111010101000000110001010100010000001100000001000010000000011100001001000010010101011011000010100010010100000001011111100011010101100011000010100001000
4159.42  156 101001001010011000110101001000100010000110010001010001001100100111001100010000111001101101110101001010001010100000010111000101001110111111010000011100010000
5953.44  156 100000110101011111110001001010010010000001110010111100111110010001011010001000000001100110011111000100110010100010000110110100011101000100010111001000100001
4698.37  156 000000000100000000000000000001000100100100101111111111101100010010101100001000001101101101010010011100110101010000010110001000101001100100011110100100000001
4813.47  156 101110111011111101000100001010010000100001000001011111111110100001011010000010100101111111111110000100010010100000001010001101110101110101101000110010010000
4448.4  156 000000000101010000011100000100010001000000000110001011000011011111101010000100101011010010011101010110001110100000010101101010110110111010110000110100010000
4419.44  156 101100010100010101101101110010010000001110010100100111000000000111110001010000111110110011110101001111110010100001000111101100101001000100100001100100000001
5821.46  156 010110101010101101001011101101100000001101000000111101111111111100101010000001101111000111010100000011010010010000001011001001011010000011000110101010000010
5249.37  156 000000100101010000000001101001010000100101101100001000001100000111101100000010111101011000100011110110110010100000001010000110001011011011000000101100010000
4786.39  156 101011111111010000011011000110010000001011111000100110010010001000010000101000110011010001101100110110000110100000001100001011000001100000000110100100000001
3887.47  156 001010110001100101100000111001010000100011101011010110010100000111001100000100100101111001101001111010111110010000010111000110100110111001101110101010000100
5168.49  156 100111011011010101000101001000010000010110110101101101111010110010101100001000001101111100001110010101110010010000001110110101011010010010111111101001001000
5179.34  156 001010001000100010000010001000010000001001001001000110011110100001000100000001100111000000110001001110111010100000001100101100100101010000111010100100000001
5084.38  156 101110111000010101000001001101010000001000100100010111000010110110001100000010101010000111001110001001000000001010000111111000100110000000101010111010000001
6022.32  156 000000000000000000000000100100000101000000001101001010010000000011101100000010011101100010001000011101011110100000001011110100001000011111010001101100000001
3999.45  156 111011011011111111000001111001010000010000010011010110000001101011001100010000011101100110000101101111111010100000010110000011110010010010001001100010010000
5656.43  156 101010110000000100011001101000100000010011100011000101000110110111011010001000100010110111010101001111100010100000010100001100111110011100010010111010010000
5207.49  156 101111100110100010011101101001100000100101100101110010101101001011000100010000011110100111100011000111101010100001000010110111101101011101110010101000110000
5161.44  156 101101011000100001100011100001100000100010111111000101000010110001101010000100001000100110101101011101111010100000010101101000110011100001011110101100001000
5920.4  156 000100010101010100011001111110010001000110001001100001111000001011001010000100000101111111011011110010000110100000001000011100000010101010101000010000100001
5127.44  156 000110111011101000011110001000100001000010011101101100101110000011000001001000110011111100000101001010001110100000001010111110100110000001011110111000110000
4757.42  156 100110101001000000100101001001100000010011001010010110110110011111001100000001110000001000010010001010000110001000001111110101011011001010111010111010000010
4706.38  156 101000011000010100011000001101010000001000000101001011100011010000001100000100110101000010110000101111000011001010000111011000001000110100111110101100000001
5201.44  156 000000011010100000000000000000100000001011100011110101011111100001101010000001111011110011001101111111010111010000100001111110111111000100111000100100000001
4674.33  156 101100101000100000010100000101010000010101000011011010001001000010001100010000000101000000010000001110000110100000001111010000101110110110100000100100010000
4932.42  156 110001111010000110010111001101100001000010000000010110111101101011101100000001001111100100101100111100000010001001000010110000000111010010101000101010000001
5091.41  156 000001101010011011110011001011100010000110110110000000000001011011011000110000111011000011110001011010111110100000010100010000111010000100110010000000110000
3957.44  156 001011011000010001111010111001010001000010001111110101110100100001001100010000000001100110011111000100110010010000010111101001001010011100010111101010001000
4135.44  156 100001110100000111101101000001010000001001111110001100010111111110001100001000111111010011011000110111000000010000010110001000101001100100011110100100000001
4750.37  156 001000011000000000001100101001100000010110010101111011100000011111001100000010000111000100110001001001100010010000010110000100010010011111001100010100010000
4504.49  156 111110110101011111110111011110010001000111101101001011011011010011000010001000101011010010011101010110001110010000001001011000101000110001011000111100010000
5742.4  156 100001101011000101100110101001100000001001011101010111001010111001001100000010010000000100100101101101010010001000001111101100101001000100100001100100000001
4987.4  156 001100000010101000100000101001010000001001101101001100100111000111011100000010111011001111100001110100001010100000001011011100111001000001000100110100001000
4242.46  156 111001001011100010000001101001100000010111111101110010010111101111001100000010101001100001100100111111001010100000001100101111110100011100010001001100010000
6125.38  156 100010001110110010010100101001100000010101001000010011001111101011000100001000011110001001110110001100100100001000010010000000000101111011100010000000100100
5298.44  156 001101100101111011111100110110010000100000011010010101010001100110110010010000101011000011000111010100110010100000001110010111111000011110000100100100010000
4257.47  156 000100111010100101001011111010100000100000111111010110101101110001011100000001010100110010101111001100110010100000001110010111100111110010110100011000100100
4785.34  156 000000000000100000000000100100001001000010101111110000110110101101101010010000010001010011011000110000000110100001000010100100101001100101100100110100010000
4515.41  156 100010001010011100010000101001100001000011100101000101111001001111101100000010100111011001011000101010100010010000010000110100100101110010110011010000110000
4430.47  156 100010101001101101110101100010010000010001011110101101010111100011011010001000001011111101101101001110110010100000001110101101100010111101100000010010000001
6026.4  156 101110010000000000000001101001010000001010001001101111010111011010011100000100000111101110010110110101001110100000001101000101001001110001000001010001001000
4770.35  156 001000000000101001000000001001010000001100010001000000101101111011001100000010011011001100100000011001011010100000100111010001011000001111110000100010000001
5352.4  156 100110010011001001100000001001100000010010001110011000011110110110101100000001000010010000101100101100000010100001000110111100011010110111110001101100000001
5352.47  156 101000011100100111111110101100010000001010110000110111000100110000001000110000111111010001011001101011111110100000001100010111101011110100011010010010000100
4018.43  156 101110000001100001101101001001010001000001010001100011001011011111001100010000100001111110100101111110110010010001000001010110000010101111001000110010001000
5343.38  156 001000000000000000100000000000000100010000100101010001001111100011101100000001010010111001110100001101101110100001000111111111111100101101100010100100000010
5416.4  156 100010011010010101101101100000100001000010110011001110010000010111001000101000000001111010001110010001111110100000001101100101010010100110100100100100010000
5951.4  156 001000100110110110010001101110100001000001011010110101111101001000010000110000010000110010111101111000000011001001000111010010111010010010000000010100001000
5325.32  156 001000000010000000000000000001100010000011010111110000000110100001101100001000100000011000110000000110001110100001000110001101001011100001010011101100000100
4646.47  156 011111001010101111100101111001010000100001001110110101110010101110001100010000110111110000000010000110000010010000010010011011011010111101110001111010010000
4561.44  156 001110011010100011010100011100100010000101101101000011011010111011011100010000110111010111001010000010000010100000001111011001101001000100111010101010001000
5435.49  156 111101011111011110011011100110010000100011101001001101110110011100100010001000011100011100011010110000110010100000001001111001001010111110101010110001010000
4002.47  156 100000001100001111100101001001100010000111011000010010110011111111001100000001101110010111110101001011111010100010000101010111101000100111111000101010000100
5229.45  156 100010111001000000010100100001100001000010100111010111101100101011001100010000110001100101101011101110001101001000100111100110011000111110100101101100001000
6411.37  156 001010101010101000000110001001010001000011001010001100111000100001101010000001110001010001011100000111111100001000100000010000000110101010011110001000110000
3847.46  156 101010000000011001010001000001010000001001110011010101111111101001101100000100011001011011001111111111011110100010000000110110000011111100111000101100001000
5450.47  156 001101011111101001001110110010010000100110110101100001001111111111010010000100000110110000001011011000010010010000010100011101110001111111101100101010000010
3973.42  156 100001011101101000110000001001100010000011100001001101010011010111101100000010010011110011011100110000101010010000001010010111111001110000010011000001010000
4633.41  156 000100000101010100000001000110100010000110111010110011000110001011001100010000010011110111011010011000001110100000001100111010011110011100101000110100000010
5323.46  156 000001011011101110010100101101010010000110111010001100111111110011010100010000001001001111000110010110110010100000001010100110101001011001011101100010010000
6135.37  156 001001011000011001010111000111100000010000011010010101010001100110110001000001101011000011000111010100110010100000001010000001010000000010111000101000100001
5153.32  156 000100011010101000110010101001010000001000011111011000010010000100001010000001000100001100011000100000001010100000100100110101000001000111000000011000110000
4588.39  156 001100001000000011101110111001010000010101010111000000011011101001000100000010101000001101101111011111000010100000100000010011110100011100001000100000110000
4728.38  156 100100001000011000100000000001100010000100000000011110111110000110001100000001110101110001000110011101000111000110000101001010000111110001100110111100010000
4557.42  156 100010101001010001010110001000100010000100011000100110110110001011001100001000001011111101101101001110110010100000001000101111111010110000001100010001010000
5472.49  156 100110101001100110111111100001010000001011101001110111111101001011111100001000000111101110010110110101001110100010000010111001011010110100110000100100010000
5955.44  156 111100111001100001100110101000100000001000100110101010111101100101111010000001011011001100100000011001011010100000001100010110111100001001111100110000110000
5404.41  156 101001011011100010010001000001100000010010001110011000011110110110101100000001000010010000101100101100000010100001000110111100011010110111110001101100000001
6803.4  156 000000100100100000000001101000100000001001101111001101110011111110011001010000010100111000100110011110100010100000001100100000011001110011010111011001000100
5732.35  156 100000001001001000010010000001010000001101100001000100001000010010110000100001011101010010010001111100101011010000100001010110000010101111001000110100000001
5558.46  156 100011111001101000110110001001100000001000100101010001001111100011101100000001111010110111010000100111101111001001000010000101011101011000111011101100000010
4623.4  156 101001010001101000100101101001100010000100011001001110010011110110001010000001001000000101001100000010111010010000001100100010101001010011110110111010000001
4787.4  156 101101010111110010000110001110100010000010000010001001010001001011101000110000101000110001100101111000001010100000001001011110000000011110011110101100001000
4049.4  156 000100000110010000000011110010010010000011111011010011011001000111000010010000010110011011001010111000110010100000001011010111111000001010010110100100001000
3996.47  156 000000100001010100111001100110100010000111111110100110101101011111101010000001100100001100100111101101001110100000010010111111101101110111010000100100000010
4542.43  156 100010010011101011000111101001100001000101101101000011011010111011011010000001110111010111001010000010000010100000010000010001001110001110010011101010010000
4621.49  156 100110101100110101110111001011010000001001111101011010100101100111001100000001100110110001010111101001111110100000001001011101000100101001111100110001001000
4784.42  156 000010011010001001011000000001100001000110010001100000100100000011001100001000101110010111110101001011111010100010000001011000111010111101001111111100010000
4571.46  156 011010000101000111011010110010010000100111100011011101000001111011010010010000010110101000001111111110111010100000010101001110011000110010111000110100000001
6382.43  156 001100101010100010010001001001100000010001000000000101011011001011000100000001010101111011111101011111101010100000001010101011111101011110100010001000101000
5927.42  156 011101010101010100000100001110010000001010111111111111010001101011000001000100001001000001110011110000000010100000001100011010010001011111001110010000100010
5451.44  156 100100011001100001100100101000100000010100111011101110001100110001100001000001100111110111010010000100111010100000001011111010010010101110001110110100000100
3891.36  156 010000000001100110010101001001010001000001001001001001100100001001001100000001110001110100001000111100110010100001000010010111111001110000010011000001010000
5928.38  156 101010010000100100011011100000100001000010100101001100011001110111111000101000010001001101000010001000011110100000010001101011000011111001100100000010010000
5750.42  156 010000010101100101001000000010100001000001110011100110011001010110001001000100110001110011011000001010100011001000001011101110111110101111101000110100001000
5557.37  156 001101101000000000100101100001100000001100110111011000110110001010100010000001101011000011000111010100110010010000100010010100100101001001100000101100000001
5016.4  156 000000001010100000010010001001100001000110100000011011011001110010011100000001010100110010101111001100110010100000001110010111100111110010110100011000110000
5158.39  156 100010110011001110010001101011100000100000100010110000111110010011011010000001010001010011011000110000000110100000001010100100101001100101100100110010010000
4629.47  156 101110110000101111001111000001100010000101011101101100111001111111101100010000010100111000001010000011011011000110000101001010000111110001100110111100010000
5065.44  156 100001011010101001000101001001100000001001000011000101111010101111101100000001000101001000101001110110111110100000001010000010011010111101111001111010000001
4832.38  156 100000000001100000001101101011100010000000010100001100001010100111000010000100111100010001000011011010110110100000100110000001110101010001110111011001010000
4391.38  156 101010000101010000101000101001100010000101111111000000110110011001101100000100000001110000011000001000001010100000010100010110111100001001111100110100010000
4289.43  156 000011100101110111011001011010010010000000011000011110011110001011101010001000111110011100101011011100000010100000100100110010000000101001011010110010001000
4151.38  156 100010110110101001000111100001010000100000000001001010010111010001001100010000101010000100110101011000001110010000001101001101001010000110111100100010000010
4679.48  156 100110111010101011111110001001010000010110000011111010101101010111101100001000100001111110100101111110110010100010000000010001100000010011110110111010000010
5292.37  156 100001100000100000000110001001100000100000100101010001001111100011101100000010101011001001100101010000110110100010000101000111100011010000101010100010000001
4255.39  156 001000100010001000100000000010010010000000101100111100101011000000110000110000111011010010100100001001111110010000001110010100110011111011100100111100000010
5999.4  156 000010101001011110010000111110100001000001011010110101111101001000010000110000001010010110011111010010010000001000001111010010111010010010000000010100001000
3946.36  156 001010100000010000011000000010100000100111110111100111001001010011110000100010100000011000110000000110001110100000001100011111000010000001000110110100000100
4003.43  156 100000000101011101010101100111010000100001001110110101110010101110001100010000110111110000000010000110000010100000010010111111101101110111010000100100000010
6054.44  156 110010111111000010010001001011100000100010100101011101100111000111001100000100010101100110001001011001001101100000001010111010111100011001011010010010010000
4536.46  156 001010011010101111111110100100010000001111101111010011111101000111100000101000011100011100011010110000110010100000001101010001001010010110010100110100010000
4376.37  156 000000011010101000001001000001100010000100111001111010100101000001001100000001100100111010100011011000001110100010000000101111011101000101000110000000110000
5182.32  156 000000000001000000010100000000010001000000101001010110111100110011001010000001110001000011011100000100001110100001000100100000000110010001011110101100000010
4991.42  156 010110100001001111010001111101010000001011001010001100111000100001101010000001001010001110110001001101100010001000100101001110101011110100111000001100000010
4778.38  156 011000101011100000100101001001010000001110110110011110000110010001011100000010001001000001110011110000000010100000001100001100100001100001100110111000101000
5971.42  156 000011001101011011100110110010010000010110001100110101000001000011001000110000111101000000000110010000100110100001000100011101110001111111101100101100001000
4113.39  156 001110101000100101000000001101010000001110100101010010110001100000001100000001010000001011101101001010111110010000100111101111000001000111001000101100010000
5356.43  156 000000110010110011011010110010100010000100000010110101110011101110011000101000010011110111011010011000001110100000001111011001101001000100101010100010000001
5661.41  156 100100010011110100011000000001010000100101001000010011001111101011000100000100011110001001110110001100100100001010000001100011110111101011010000111100000100
4442.44  156 011101000001011001111000000100100010000010001001011111100100101000101100010000011001111111100000111111110010100000001110010111111000011110000100100100000001
5987.41  156 010010110101000001001101000110100010000000011111011000010010000100001001010000010100110010101111001100110010100000001110010111100111110010110100011000100100
6257.4  156 001010111001000100110100101010100001000101010111000000011011101001000100000010001000100100100010110111000001001000001110000111110000011101111100101001001000
6005.46  156 101010100100100001011101001000100001000110110101010011101001100011011100000001111111001110110001011101000110100001000100100110111011001111001010110100010000
5173.43  156 100010001001000001100100101100100000100101111111010000000000110101010000101000001011111101101101001110110010100000001010000010011010111101111001111001010000
6416.44  156 101000101010100001110110110110010000010101010101101001100111001011000100001000010000000001000111111010111111100000100110011100100111101000010010110010000001
4814.41  156 101110100011100001001111101000010000100101111111000000110110011001101100010000000001110000011000001000001010100010000100010110111100001001111100110010010000
5748.41  156 011110100001000010001101000110100010000010001110011000011110110110101000110000000110100101001000100110001010100000001000101100101101100011001111111000100001
5482.42  156 001000000110001001000000001000100010000111011111111010011111000001101100010000111110000100001001001101010010100000001110111111000111110101000101110000110000
3983.45  156 101010101000100101011101110001010000010001010001100011001011011111001100010000100001111011011101011110011110010001000001010110000010101111001000110010000001
4770.48  156 101110001000100110110101111101100000010000100101010001001111100011101100000001101101110010111110010011001011100010000100011100101111110110010110101100001000
5778.44  156 100001011010101001001011001011100001000101110001100100101011001101100010001000000001111010001110010001111110100000001010111010001111110100010011110000101000
6335.39  156 011000100101010001101000000110100001000111000000011011100100111011001000100100010110000000011111001000000111001000001001011110000000011110011110101100000001
4685.42  156 001101011010100101111011011101010000100100110000100001010111101010001100000100100000011000110000000110001110100000100110101111011011110001100010100010000100
5794.39  156 100001110110010111000001000110100001000011100100001100010111011000010000110000110011101100010001110010111010100000001001100011100101110000100010000000100001
5739.31  156 000000010000000000000000001000000100001010011010011001001011101110101100000100100110010001000110111000000010100000001111000001010010001010000011110100001000
4196.39  156 100001010001010100001000001100010000100000100011101001110111101111101010000100011100011100011010110000110010100010000100100100111000100011011000100010000010
4348.43  156 101010000001000001111100100001010000001101110110010110111011100000001100001000100100111010100011011000001110100000100111000110101111111101101000100100000010
5559.38  156 000010000001010101001010001011100010000011101010000100010010011010001010000010111101100101011001101001111010010000001100100000000110010001011110101100000100
5699.45  156 000000011010101011110100100001100000001111110111000001111101110010111010000001010110010000001011001101011110001010000101001110101011110100111000001100000010
4645.38  156 000000000001000010100000000000100010000011011100100100111100010001001100010000011001011011001111111111011110100000001100001100100001100001100110111100010000
5689.35  156 001001001000100100010100001011100000010010001001000010100010001101100001000001100111110111010010000100111010100000001110111000011000000010000011100001001000
4798.34  156 001011000000000000000101101001010000001001001001001001100100001001001100000100010000001011101101001010111110100000001000110011000101000010001100111100001000
4795.42  156 001001101001001111101001001101100010000111011110110010010111011011001100010000000100010001110011110110001000000110000011000000100011110011010010100100000100
