ranked by loss:

best individual:
921.0 1232.0 0.6784140969162996 351.0 0.1932819383259912 129.0 0.0710352422907489 104.0 0.05726872246696035 
worst individual:
1712.0 920.0 0.5063291139240507 322.0 0.17721518987341772 335.0 0.18436984039625756 240.0 0.13208585580627408 
median individual:
1271.0 994.0 0.5467546754675467 501.0 0.2755775577557756 199.0 0.10946094609460946 124.0 0.06820682068206821 
average result:
1275.324 0.5815721359409256 0.22341691523312285 0.10641324145927333 0.08859770736667842 


ranked by action0_accuracy:

best individual:
1007.0 1250.0 0.6887052341597796 292.0 0.16088154269972452 104.0 0.05730027548209366 169.0 0.09311294765840221 
worst individual:
1591.0 809.0 0.44548458149779735 548.0 0.30176211453744495 334.0 0.183920704845815 125.0 0.06883259911894272 
median individual:
1190.0 1058.0 0.5822784810126582 437.0 0.24050632911392406 213.0 0.11722619702806825 109.0 0.059988992845349476 
average result:
1275.324 0.5815721359409256 0.22341691523312285 0.10641324145927333 0.08859770736667842 

