1090 1200 0.6651884700665188 269 0.1491130820399113 184 0.10199556541019955 151 0.0837028824833703 
861 1242 0.688470066518847 316 0.17516629711751663 193 0.10698447893569844 53 0.029379157427937917 
980 1078 0.5975609756097561 536 0.29711751662971175 126 0.06984478935698447 64 0.03547671840354767 
1247 871 0.48281596452328157 682 0.3780487804878049 188 0.10421286031042129 63 0.03492239467849224 
825 1234 0.6840354767184036 396 0.21951219512195122 93 0.05155210643015521 81 0.04490022172949002 
989 1255 0.6956762749445676 260 0.14412416851441243 138 0.07649667405764966 151 0.0837028824833703 
1012 1179 0.6535476718403548 376 0.20842572062084258 111 0.061529933481152994 138 0.07649667405764966 
1093 954 0.5288248337028825 644 0.35698447893569846 169 0.09368070953436806 37 0.020509977827051 
1024 1222 0.6773835920177383 291 0.16130820399113083 140 0.07760532150776053 151 0.0837028824833703 
910 1243 0.6890243902439024 292 0.16186252771618626 189 0.10476718403547672 80 0.04434589800443459 
977 1261 0.6990022172949002 260 0.14412416851441243 132 0.07317073170731707 151 0.0837028824833703 
1323 907 0.5027716186252772 622 0.34478935698447893 124 0.06873614190687362 151 0.0837028824833703 
1201 1040 0.5764966740576497 407 0.22560975609756098 277 0.15354767184035475 80 0.04434589800443459 
947 1257 0.6967849223946785 280 0.15521064301552107 134 0.07427937915742794 133 0.07372505543237251 
998 1228 0.6807095343680709 294 0.1629711751662971 142 0.0787139689578714 140 0.07760532150776053 
952 1261 0.6990022172949002 276 0.15299334811529933 125 0.06929046563192905 142 0.0787139689578714 
998 1236 0.6851441241685144 289 0.16019955654101994 128 0.07095343680709534 151 0.0837028824833703 
1010 1216 0.6740576496674058 313 0.17350332594235032 128 0.07095343680709534 147 0.08148558758314856 
888 1211 0.6712860310421286 369 0.20454545454545456 153 0.08481152993348115 71 0.0393569844789357 
1150 1088 0.6031042128603105 433 0.24002217294900222 132 0.07317073170731707 151 0.0837028824833703 
1121 1183 0.6557649667405765 272 0.15077605321507762 198 0.10975609756097561 151 0.0837028824833703 
1168 1070 0.5931263858093127 451 0.25 132 0.07317073170731707 151 0.0837028824833703 
1139 1038 0.5753880266075388 501 0.2777161862527716 157 0.08702882483370289 108 0.0598669623059867 
863 1192 0.6607538802660754 411 0.2278270509977827 151 0.0837028824833703 50 0.02771618625277162 
844 1265 0.7012195121951219 279 0.15465631929046564 215 0.11917960088691797 45 0.024944567627494457 
987 1242 0.688470066518847 288 0.15964523281596452 123 0.06818181818181818 151 0.0837028824833703 
771 1227 0.6801552106430155 427 0.23669623059866962 106 0.058758314855875834 44 0.024390243902439025 
961 1238 0.6862527716186253 295 0.16352549889135254 147 0.08148558758314856 124 0.06873614190687362 
880 1260 0.6984478935698448 271 0.15022172949002216 210 0.1164079822616408 63 0.03492239467849224 
988 1257 0.6967849223946785 257 0.14246119733924612 139 0.0770509977827051 151 0.0837028824833703 
1316 812 0.4501108647450111 745 0.4129711751662971 170 0.0942350332594235 77 0.042682926829268296 
961 1095 0.6069844789356984 536 0.29711751662971175 94 0.052106430155210645 79 0.04379157427937916 
1023 1208 0.6696230598669624 322 0.17849223946784923 121 0.06707317073170732 153 0.08481152993348115 
963 1192 0.6607538802660754 392 0.21729490022172948 89 0.04933481152993348 131 0.07261640798226164 
1417 788 0.43680709534368073 746 0.41352549889135254 139 0.0770509977827051 131 0.07261640798226164 
1186 1068 0.5920177383592018 437 0.24223946784922396 148 0.082039911308204 151 0.0837028824833703 
1186 1062 0.5886917960088692 449 0.24889135254988914 142 0.0787139689578714 151 0.0837028824833703 
1230 978 0.5421286031042128 566 0.3137472283813747 116 0.06430155210643015 144 0.07982261640798226 
994 1253 0.6945676274944568 255 0.14135254988913526 149 0.08259423503325942 147 0.08148558758314856 
1063 1162 0.6441241685144125 349 0.1934589800443459 165 0.09146341463414634 128 0.07095343680709534 
1060 1148 0.6363636363636364 386 0.2139689578713969 136 0.07538802660753881 134 0.07427937915742794 
898 1260 0.6984478935698448 285 0.15798226164079823 164 0.09090909090909091 95 0.05266075388026607 
1057 1177 0.6524390243902439 332 0.18403547671840353 160 0.08869179600886919 135 0.07483370288248337 
1075 1177 0.6524390243902439 330 0.18292682926829268 146 0.08093126385809313 151 0.0837028824833703 
880 1241 0.6879157427937915 299 0.16574279379157428 211 0.11696230598669623 53 0.029379157427937917 
993 1241 0.6879157427937915 290 0.1607538802660754 116 0.06430155210643015 157 0.08702882483370289 
1010 1218 0.6751662971175166 313 0.17350332594235032 122 0.06762749445676275 151 0.0837028824833703 
1240 901 0.49944567627494457 663 0.36751662971175164 143 0.07926829268292683 97 0.05376940133037694 
958 1274 0.7062084257206208 253 0.1402439024390244 126 0.06984478935698447 151 0.0837028824833703 
985 1268 0.7028824833702882 238 0.1319290465631929 147 0.08148558758314856 151 0.0837028824833703 
941 1260 0.6984478935698448 264 0.14634146341463414 163 0.09035476718403547 117 0.06485587583148558 
1326 968 0.5365853658536586 546 0.3026607538802661 90 0.04988913525498891 200 0.11086474501108648 
1219 1015 0.5626385809312638 511 0.28325942350332595 126 0.06984478935698447 152 0.08425720620842572 
1043 1199 0.6646341463414634 320 0.17738359201773837 132 0.07317073170731707 153 0.08481152993348115 
930 1237 0.6856984478935698 277 0.15354767184035475 217 0.12028824833702882 73 0.040465631929046564 
1330 1125 0.6236141906873615 185 0.10254988913525499 337 0.1868070953436807 157 0.08702882483370289 
1006 1238 0.6862527716186253 277 0.15354767184035475 138 0.07649667405764966 151 0.0837028824833703 
1185 1119 0.6202882483370288 336 0.18625277161862527 198 0.10975609756097561 151 0.0837028824833703 
988 1260 0.6984478935698448 251 0.13913525498891352 142 0.0787139689578714 151 0.0837028824833703 
1051 994 0.5509977827050998 633 0.3508869179600887 113 0.06263858093126386 64 0.03547671840354767 
1060 1237 0.6856984478935698 294 0.1629711751662971 53 0.029379157427937917 220 0.12195121951219512 
1093 1222 0.6773835920177383 289 0.16019955654101994 75 0.041574279379157426 218 0.12084257206208426 
1140 1131 0.626940133037694 362 0.2006651884700665 155 0.08592017738359202 156 0.08647450110864745 
996 1247 0.6912416851441242 262 0.14523281596452328 151 0.0837028824833703 144 0.07982261640798226 
1049 1203 0.6668514412416852 304 0.16851441241685144 146 0.08093126385809313 151 0.0837028824833703 
1090 1139 0.6313747228381374 391 0.21674057649667405 123 0.06818181818181818 151 0.0837028824833703 
1034 1225 0.6790465631929047 279 0.15465631929046564 145 0.0803769401330377 155 0.08592017738359202 
1035 1222 0.6773835920177383 273 0.15133037694013304 165 0.09146341463414634 144 0.07982261640798226 
1265 853 0.4728381374722838 729 0.4041019955654102 130 0.07206208425720621 92 0.050997782705099776 
979 1250 0.6929046563192904 276 0.15299334811529933 131 0.07261640798226164 147 0.08148558758314856 
1159 1037 0.5748337028824834 526 0.2915742793791574 90 0.04988913525498891 151 0.0837028824833703 
958 1262 0.6995565410199557 250 0.1385809312638581 168 0.09312638580931264 124 0.06873614190687362 
951 1163 0.6446784922394678 387 0.21452328159645231 198 0.10975609756097561 56 0.031042128603104215 
1076 1085 0.6014412416851441 511 0.28325942350332595 59 0.03270509977827051 149 0.08259423503325942 
1015 1231 0.6823725055432373 281 0.1557649667405765 142 0.0787139689578714 150 0.08314855875831485 
966 1239 0.6868070953436807 291 0.16130820399113083 147 0.08148558758314856 127 0.07039911308203992 
1083 1150 0.6374722838137472 376 0.20842572062084258 127 0.07039911308203992 151 0.0837028824833703 
971 1265 0.7012195121951219 258 0.14301552106430154 130 0.07206208425720621 151 0.0837028824833703 
1112 1162 0.6441241685144125 323 0.17904656319290466 168 0.09312638580931264 151 0.0837028824833703 
786 1307 0.7245011086474501 293 0.16241685144124168 119 0.06596452328159645 85 0.04711751662971175 
1021 1115 0.6180709534368071 437 0.24223946784922396 172 0.09534368070953436 80 0.04434589800443459 
1105 1132 0.6274944567627494 379 0.21008869179600886 153 0.08481152993348115 140 0.07760532150776053 
980 1239 0.6868070953436807 276 0.15299334811529933 163 0.09035476718403547 126 0.06984478935698447 
1279 1057 0.585920177383592 285 0.15798226164079823 392 0.21729490022172948 70 0.038802660753880266 
917 1201 0.6657427937915743 354 0.19623059866962306 184 0.10199556541019955 65 0.03603104212860311 
1197 1059 0.5870288248337029 450 0.24944567627494457 138 0.07649667405764966 157 0.08702882483370289 
1064 1174 0.6507760532150776 305 0.16906873614190687 216 0.1197339246119734 109 0.06042128603104213 
1158 1104 0.6119733924611973 392 0.21729490022172948 158 0.08758314855875832 150 0.08314855875831485 
934 1238 0.6862527716186253 275 0.1524390243902439 214 0.11862527716186252 77 0.042682926829268296 
1116 1132 0.6274944567627494 379 0.21008869179600886 142 0.0787139689578714 151 0.0837028824833703 
930 1109 0.6147450110864745 546 0.3026607538802661 63 0.03492239467849224 86 0.04767184035476718 
1161 1181 0.6546563192904656 217 0.12028824833702882 274 0.15188470066518847 132 0.07317073170731707 
985 1247 0.6912416851441242 277 0.15354767184035475 132 0.07317073170731707 148 0.082039911308204 
1011 1221 0.676829268292683 306 0.1696230598669623 126 0.06984478935698447 151 0.0837028824833703 
1017 1215 0.6735033259423503 312 0.1729490022172949 126 0.06984478935698447 151 0.0837028824833703 
1033 1067 0.5914634146341463 515 0.28547671840354766 148 0.082039911308204 74 0.041019955654102 
880 1222 0.6773835920177383 361 0.20011086474501108 144 0.07982261640798226 77 0.042682926829268296 
1030 1203 0.6668514412416852 314 0.17405764966740578 145 0.0803769401330377 142 0.0787139689578714 
902 1153 0.6391352549889135 455 0.2522172949002217 141 0.07815964523281596 55 0.03048780487804878 
875 1188 0.6585365853658537 417 0.2311529933481153 139 0.0770509977827051 60 0.03325942350332594 
921 1228 0.6810870770937326 294 0.16306156405990016 216 0.11980033277870217 65 0.036051026067665005 
1060 1148 0.6367165834719911 402 0.22296173044925124 101 0.056017748197448695 152 0.08430393788130892 
1000 1240 0.687742651136994 259 0.14364947310038825 171 0.09484193011647254 133 0.07376594564614532 
1203 923 0.511924570160843 653 0.36217415418746535 131 0.07265668330560178 96 0.05324459234608985 
983 1258 0.6977260122018858 258 0.14309484193011648 136 0.07542983915696062 151 0.08374930671103716 
1095 1157 0.641708264004437 348 0.1930116472545757 147 0.08153078202995008 151 0.08374930671103716 
999 1186 0.6577925679423183 379 0.21020521353300056 94 0.052135330005546314 144 0.07986688851913477 
1130 1133 0.6283971159179146 384 0.2129783693843594 112 0.06211869107043816 174 0.09650582362728785 
910 1250 0.6932889628397116 305 0.16916250693288962 139 0.07709373266777593 109 0.06045479755962285 
898 1241 0.6882972823072657 356 0.19744869661674985 76 0.04215196894065446 130 0.07210205213533001 
996 1237 0.6860787576261785 287 0.15917914586799778 128 0.07099278979478647 151 0.08374930671103716 
971 1248 0.6921797004991681 276 0.15307820299500832 142 0.07875762617859124 137 0.07598447032723239 
1038 1191 0.6605657237936772 337 0.18691070438158625 124 0.06877426511369938 151 0.08374930671103716 
1300 970 0.5379922351636162 508 0.2817526344980588 183 0.10149750415973377 142 0.07875762617859124 
1006 1239 0.6871880199667221 273 0.15141430948419302 140 0.0776483638380477 151 0.08374930671103716 
1332 909 0.5041597337770383 607 0.3366611203549639 136 0.07542983915696062 151 0.08374930671103716 
950 1152 0.6389351081530782 429 0.23793677204658903 145 0.08042151968940654 77 0.04270660011092623 
1058 1177 0.6528008874098724 345 0.1913477537437604 130 0.07210205213533001 151 0.08374930671103716 
903 1264 0.7010537992235164 316 0.1752634498058791 82 0.04547975596228508 141 0.07820299500831947 
1344 1052 0.5834719911259013 238 0.13200221852468108 433 0.2401552967276761 80 0.044370493621741544 
1038 1184 0.6566833056017748 301 0.16694398225180254 217 0.12035496394897394 101 0.056017748197448695 
919 1230 0.6821963394342762 312 0.17304492512479203 176 0.09761508596783139 85 0.04714364947310039 
1054 1235 0.684969495285635 288 0.15973377703826955 74 0.041042706600110924 206 0.11425402107598447 
974 1252 0.6943982251802552 279 0.15474209650582363 121 0.06711037160288408 151 0.08374930671103716 
1003 1230 0.6821963394342762 294 0.16306156405990016 128 0.07099278979478647 151 0.08374930671103716 
857 1254 0.6955074875207987 355 0.19689406544647808 80 0.044370493621741544 114 0.0632279534109817 
1005 1237 0.6860787576261785 278 0.15418746533555186 137 0.07598447032723239 151 0.08374930671103716 
1062 1173 0.6505823627287853 349 0.19356627842484747 130 0.07210205213533001 151 0.08374930671103716 
975 1257 0.697171381031614 268 0.14864115363283417 127 0.0704381586245147 151 0.08374930671103716 
1040 1192 0.6611203549639489 333 0.18469217970049917 127 0.0704381586245147 151 0.08374930671103716 
961 1270 0.704381586245147 255 0.14143094841930118 128 0.07099278979478647 150 0.08319467554076539 
992 1173 0.6505823627287853 395 0.21907931225734886 108 0.059900166389351084 127 0.0704381586245147 
781 1304 0.7232390460343872 275 0.15252357182473655 166 0.0920687742651137 58 0.03216860787576262 
1082 1091 0.6051026067665003 425 0.23571824736550195 204 0.11314475873544093 83 0.04603438713255685 
875 1223 0.6783139212423738 347 0.19245701608430393 171 0.09484193011647254 62 0.03438713255684969 
1097 1145 0.6350526899611758 377 0.20909595119245702 123 0.06821963394342762 158 0.08763172490293955 
1085 1090 0.6045479755962285 489 0.27121464226289516 76 0.04215196894065446 148 0.08208541320022185 
1089 1148 0.6367165834719911 372 0.20632279534109818 132 0.07321131447587355 151 0.08374930671103716 
895 1238 0.6866333887964503 301 0.16694398225180254 198 0.10981697171381032 66 0.036605657237936774 
1017 1225 0.6794231835829173 290 0.16084303937881309 137 0.07598447032723239 151 0.08374930671103716 
994 1239 0.6871880199667221 285 0.15806988352745424 128 0.07099278979478647 151 0.08374930671103716 
1060 1212 0.6722129783693843 311 0.17249029395452026 91 0.050471436494731 189 0.1048252911813644 
1029 1120 0.6211869107043816 414 0.22961730449251247 192 0.1064891846921797 77 0.04270660011092623 
1049 1246 0.6910704381586246 272 0.15085967831392125 78 0.04326123128119801 207 0.11480865224625623 
1008 1220 0.6766500277315585 278 0.15418746533555186 185 0.10260676650027732 120 0.06655574043261231 
988 1080 0.5990016638935108 517 0.28674431503050474 147 0.08153078202995008 59 0.032723239046034386 
906 1297 0.7193566278424848 258 0.14309484193011648 96 0.05324459234608985 152 0.08430393788130892 
1081 1135 0.6295063782584581 387 0.2146422628951747 149 0.08264004437049362 132 0.07321131447587355 
1111 1147 0.6361619523017193 352 0.19523017193566278 153 0.08485856905158069 151 0.08374930671103716 
976 1257 0.697171381031614 267 0.1480865224625624 128 0.07099278979478647 151 0.08374930671103716 
1048 1202 0.6666666666666666 311 0.17249029395452026 133 0.07376594564614532 157 0.08707709373266778 
1036 1036 0.574597892401553 561 0.31114808652246256 143 0.079312257348863 63 0.03494176372712146 
1357 742 0.4115363283416528 839 0.4653355518580144 148 0.08208541320022185 74 0.041042706600110924 
1082 1139 0.6317249029395452 386 0.21408763172490294 138 0.07653910149750416 140 0.0776483638380477 
1255 823 0.4564614531336661 777 0.43094841930116473 131 0.07265668330560178 72 0.03993344425956739 
962 1248 0.6921797004991681 299 0.165834719911259 105 0.05823627287853577 151 0.08374930671103716 
1154 1159 0.6428175263449806 280 0.1552967276760954 218 0.1209095951192457 146 0.08097615085967831 
992 1246 0.6910704381586246 273 0.15141430948419302 133 0.07376594564614532 151 0.08374930671103716 
1126 1145 0.6350526899611758 341 0.18912922906267332 166 0.0920687742651137 151 0.08374930671103716 
1041 1166 0.646699944536883 375 0.2079866888519135 120 0.06655574043261231 142 0.07875762617859124 
1082 1137 0.6306156405990017 386 0.21408763172490294 144 0.07986688851913477 136 0.07542983915696062 
1048 1170 0.64891846921797 335 0.1858014420410427 181 0.10038824181919023 117 0.064891846921797 
1065 1145 0.6350526899611758 400 0.2218524681087077 109 0.06045479755962285 149 0.08264004437049362 
954 1259 0.6982806433721576 285 0.15806988352745424 108 0.059900166389351084 151 0.08374930671103716 
1144 1113 0.6173044925124792 391 0.2168607875762618 144 0.07986688851913477 155 0.08596783139212424 
907 1222 0.677759290072102 350 0.19412090959511924 136 0.07542983915696062 95 0.05268996117581808 
1116 1193 0.6616749861342207 267 0.1480865224625624 180 0.09983361064891846 163 0.0904048807542984 
1158 1092 0.6056572379367721 365 0.20244037714919577 245 0.13588463671658346 101 0.056017748197448695 
933 1261 0.6993899057127011 292 0.16195230171935662 109 0.06045479755962285 141 0.07820299500831947 
954 1246 0.6910704381586246 278 0.15418746533555186 161 0.08929561841375486 118 0.06544647809206877 
811 1259 0.6982806433721576 351 0.194675540765391 119 0.06600110926234054 74 0.041042706600110924 
1010 1263 0.7004991680532446 256 0.14198557958957295 98 0.05435385468663339 186 0.10316139767054909 
1172 1125 0.6239600665557404 335 0.1858014420410427 192 0.1064891846921797 151 0.08374930671103716 
969 1184 0.6566833056017748 349 0.19356627842484747 190 0.10537992235163617 80 0.044370493621741544 
1036 1141 0.6328341652800887 413 0.2290626733222407 124 0.06877426511369938 125 0.06932889628397115 
1152 1121 0.6217415418746534 408 0.22628951747088186 78 0.04326123128119801 196 0.10870770937326678 
1001 1234 0.6844148641153632 285 0.15806988352745424 136 0.07542983915696062 148 0.08208541320022185 
1048 1172 0.6500277315585136 350 0.19412090959511924 145 0.08042151968940654 136 0.07542983915696062 
1026 1178 0.6533555185801442 354 0.19633943427620631 141 0.07820299500831947 130 0.07210205213533001 
1026 1186 0.6577925679423183 342 0.1896838602329451 141 0.07820299500831947 134 0.07432057681641709 
993 1240 0.687742651136994 284 0.15751525235718247 128 0.07099278979478647 151 0.08374930671103716 
986 1242 0.6888519134775375 287 0.15917914586799778 123 0.06821963394342762 151 0.08374930671103716 
969 1261 0.6993899057127011 266 0.14753189129229063 125 0.06932889628397115 151 0.08374930671103716 
886 1170 0.64891846921797 438 0.24292845257903495 137 0.07598447032723239 58 0.03216860787576262 
1274 958 0.5313366611203549 567 0.3144758735440932 127 0.0704381586245147 151 0.08374930671103716 
990 1243 0.6894065446478093 281 0.15585135884636717 128 0.07099278979478647 151 0.08374930671103716 
975 1258 0.6977260122018858 266 0.14753189129229063 128 0.07099278979478647 151 0.08374930671103716 
990 1156 0.6411536328341653 394 0.2185246810870771 163 0.0904048807542984 90 0.04991680532445923 
948 1264 0.7010537992235164 252 0.13976705490848584 165 0.09151414309484193 122 0.06766500277315585 
1100 1199 0.6650027731558513 259 0.14364947310038825 194 0.10759844703272324 151 0.08374930671103716 
971 1239 0.6871880199667221 289 0.16028840820854132 143 0.079312257348863 132 0.07321131447587355 
924 1176 0.6522462562396006 409 0.22684414864115363 139 0.07709373266777593 79 0.043815862451469775 
1127 1101 0.610648918469218 423 0.23460898502495842 133 0.07376594564614532 146 0.08097615085967831 
1068 1162 0.6444814198557959 356 0.19744869661674985 143 0.079312257348863 142 0.07875762617859124 
990 1251 0.6938435940099834 265 0.14697726012201887 136 0.07542983915696062 151 0.08374930671103716 
819 1250 0.6932889628397116 359 0.19911259012756516 122 0.06766500277315585 72 0.03993344425956739 
967 1270 0.704381586245147 250 0.1386577925679423 132 0.07321131447587355 151 0.08374930671103716 
978 1255 0.6960621186910705 269 0.14919578480310594 128 0.07099278979478647 151 0.08374930671103716 
916 1179 0.653910149750416 403 0.223516361619523 150 0.08319467554076539 71 0.03937881308929562 
1080 1130 0.6267332224070993 417 0.23128119800332778 105 0.05823627287853577 151 0.08374930671103716 
1057 1204 0.6681465038845728 283 0.15704772475027748 171 0.0948945615982242 144 0.07991120976692564 
1096 1171 0.6498335183129855 284 0.15760266370699222 229 0.12708102108768035 118 0.06548279689234185 
891 1212 0.6725860155382908 381 0.21143174250832408 117 0.06492785793562708 92 0.051054384017758046 
867 1197 0.6642619311875694 409 0.22697003329633741 130 0.07214206437291898 66 0.03662597114317425 
1057 1072 0.5948945615982242 501 0.27802441731409544 131 0.07269700332963375 98 0.05438401775804662 
1126 1108 0.6148723640399556 343 0.19034406215316316 270 0.14983351831298558 81 0.04495005549389567 
1004 1265 0.7019977802441731 261 0.14483906770255273 85 0.04716981132075472 191 0.10599334073251943 
913 1276 0.7081021087680355 244 0.13540510543840178 177 0.09822419533851276 105 0.058268590455049944 
953 1261 0.6997780244173141 279 0.15482796892341844 112 0.06215316315205328 150 0.08324084350721421 
1168 1055 0.5854605993340732 470 0.26082130965593786 133 0.07380688124306327 144 0.07991120976692564 
1123 1132 0.6281908990011099 360 0.1997780244173141 167 0.09267480577136515 143 0.07935627081021088 
1107 1124 0.6237513873473918 402 0.22308546059933407 123 0.06825749167591565 153 0.08490566037735849 
1099 1129 0.6265260821309656 404 0.2241953385127636 112 0.06215316315205328 157 0.08712541620421754 
970 1127 0.6254162042175361 429 0.23806881243063263 197 0.10932297447280799 49 0.02719200887902331 
1171 988 0.5482796892341842 556 0.30854605993340734 159 0.08823529411764706 99 0.05493895671476138 
869 1263 0.7008879023307436 257 0.14261931187569368 234 0.12985571587125416 48 0.026637069922308545 
968 1234 0.6847946725860156 267 0.14816870144284128 202 0.1120976692563818 99 0.05493895671476138 
974 1257 0.697558268590455 267 0.14816870144284128 127 0.07047724750277469 151 0.08379578246392896 
845 1271 0.7053274139844617 270 0.14983351831298558 208 0.11542730299667037 53 0.029411764705882353 
1093 1158 0.6426193118756937 346 0.19200887902330743 147 0.08157602663706992 151 0.08379578246392896 
984 1254 0.6958934517203108 262 0.1453940066592675 136 0.07547169811320754 150 0.08324084350721421 
964 1222 0.6781354051054383 321 0.1781354051054384 134 0.07436182019977802 125 0.06936736958934517 
836 1224 0.6792452830188679 385 0.21365149833518313 128 0.07103218645948946 65 0.03607103218645949 
1090 1138 0.6315205327413984 389 0.21587125416204217 124 0.06881243063263041 151 0.08379578246392896 
1015 1223 0.6786903440621531 293 0.16259711431742507 136 0.07547169811320754 150 0.08324084350721421 
1232 879 0.4877913429522753 704 0.390677025527192 129 0.07158712541620421 90 0.049944506104328525 
1378 860 0.4772475027746948 657 0.3645948945615982 134 0.07436182019977802 151 0.08379578246392896 
1004 1110 0.6159822419533851 480 0.2663706992230855 112 0.06215316315205328 100 0.05549389567147614 
1117 1217 0.6753607103218646 243 0.13485016648168702 152 0.08435072142064373 190 0.10543840177580466 
1232 976 0.5416204217536071 572 0.3174250832408435 102 0.05660377358490566 152 0.08435072142064373 
965 1259 0.6986681465038845 272 0.1509433962264151 120 0.06659267480577137 151 0.08379578246392896 
973 1214 0.6736958934517203 332 0.18423973362930077 127 0.07047724750277469 129 0.07158712541620421 
877 1211 0.672031076581576 356 0.19755826859045506 184 0.10210876803551609 51 0.02830188679245283 
945 1261 0.6997780244173141 261 0.14483906770255273 156 0.08657047724750278 124 0.06881243063263041 
969 1265 0.7019977802441731 256 0.14206437291897892 130 0.07214206437291898 151 0.08379578246392896 
1047 1259 0.6986681465038845 256 0.14206437291897892 70 0.038845726970033294 217 0.12042175360710322 
993 1240 0.6881243063263041 263 0.14594894561598223 167 0.09267480577136515 132 0.0732519422863485 
1296 908 0.5038845726970034 623 0.34572697003329633 140 0.07769145394006659 131 0.07269700332963375 
858 1218 0.6759156492785794 384 0.21309655937846836 126 0.06992230854605994 74 0.041065482796892344 
770 1320 0.732519422863485 281 0.15593784683684794 114 0.06326304106548279 87 0.04827968923418424 
929 1266 0.7025527192008879 274 0.15205327413984462 131 0.07269700332963375 131 0.07269700332963375 
839 1243 0.6897891231964484 352 0.195338512763596 134 0.07436182019977802 73 0.04051054384017758 
1031 1169 0.6487236403995561 386 0.2142064372918979 96 0.05327413984461709 151 0.08379578246392896 
1019 1181 0.6553829078801332 374 0.20754716981132076 96 0.05327413984461709 151 0.08379578246392896 
1072 1163 0.6453940066592675 357 0.19811320754716982 131 0.07269700332963375 151 0.08379578246392896 
964 1261 0.6997780244173141 269 0.1492785793562708 121 0.06714761376248612 151 0.08379578246392896 
1334 1164 0.6459489456159823 255 0.14150943396226415 70 0.038845726970033294 313 0.17369589345172032 
870 1256 0.6970033296337403 291 0.16148723640399557 186 0.10321864594894561 69 0.03829078801331853 
978 1212 0.6725860155382908 305 0.16925638179800223 182 0.10099889012208657 103 0.05715871254162042 
941 1212 0.6725860155382908 321 0.1781354051054384 187 0.10377358490566038 82 0.04550499445061043 
1004 1201 0.6664816870144284 292 0.16204217536071033 215 0.1193118756936737 94 0.05216426193118757 
1380 863 0.47891231964483905 649 0.36015538290788013 139 0.07713651498335183 151 0.08379578246392896 
973 1254 0.6958934517203108 266 0.14761376248612654 139 0.07713651498335183 143 0.07935627081021088 
1323 912 0.5061043285238623 608 0.3374028856825749 131 0.07269700332963375 151 0.08379578246392896 
1026 1193 0.6620421753607103 271 0.15038845726970032 259 0.1437291897891232 79 0.04384017758046615 
854 1256 0.6970033296337403 351 0.19478357380688124 82 0.04550499445061043 113 0.06270810210876804 
936 1258 0.6981132075471698 283 0.15704772475027748 130 0.07214206437291898 131 0.07269700332963375 
1083 1169 0.6487236403995561 334 0.1853496115427303 148 0.08213096559378469 151 0.08379578246392896 
957 1266 0.7025527192008879 266 0.14761376248612654 119 0.0660377358490566 151 0.08379578246392896 
1237 987 0.5477247502774695 489 0.27136514983351834 230 0.12763596004439512 96 0.05327413984461709 
990 1240 0.6881243063263041 285 0.158157602663707 126 0.06992230854605994 151 0.08379578246392896 
1060 989 0.548834628190899 635 0.3523862375138735 109 0.06048834628190899 69 0.03829078801331853 
857 1232 0.683684794672586 359 0.19922308546059933 135 0.07491675915649279 76 0.042175360710321866 
1048 1136 0.6304106548279689 365 0.2025527192008879 220 0.1220865704772475 81 0.04495005549389567 
829 1216 0.6748057713651499 401 0.2225305216426193 127 0.07047724750277469 58 0.03218645948945616 
918 1270 0.704772475027747 279 0.15482796892341844 120 0.06659267480577137 133 0.07380688124306327 
990 1166 0.6470588235294118 418 0.23196448390677027 82 0.04550499445061043 136 0.07547169811320754 
1001 1239 0.6875693673695893 286 0.15871254162042175 116 0.06437291897891231 161 0.08934517203107659 
915 1187 0.6587125416204217 412 0.2286348501664817 106 0.058823529411764705 97 0.05382907880133185 
794 1326 0.7358490566037735 283 0.15704772475027748 68 0.03773584905660377 125 0.06936736958934517 
963 1264 0.7014428412874584 264 0.146503884572697 123 0.06825749167591565 151 0.08379578246392896 
1020 1162 0.6448390677025527 357 0.19811320754716982 186 0.10321864594894561 97 0.05382907880133185 
1021 1229 0.6820199778024417 276 0.15316315205327413 146 0.08102108768035517 151 0.08379578246392896 
980 1252 0.6947835738068813 271 0.15038845726970032 128 0.07103218645948946 151 0.08379578246392896 
1299 1043 0.5788013318534961 385 0.21365149833518313 208 0.11542730299667037 166 0.09211986681465038 
1080 1194 0.6625971143174251 293 0.16259711431742507 158 0.0876803551609323 157 0.08712541620421754 
1061 1174 0.6514983351831298 346 0.19200887902330743 131 0.07269700332963375 151 0.08379578246392896 
924 1241 0.6886792452830188 309 0.17147613762486127 141 0.07824639289678136 111 0.061598224195338516 
932 1264 0.7014428412874584 278 0.15427302996670367 126 0.06992230854605994 134 0.07436182019977802 
1064 1155 0.6409544950055494 332 0.18423973362930077 213 0.11820199778024418 102 0.05660377358490566 
1042 1191 0.6609322974472808 267 0.14816870144284128 257 0.14261931187569368 87 0.04827968923418424 
962 1261 0.6997780244173141 271 0.15038845726970032 119 0.0660377358490566 151 0.08379578246392896 
812 1241 0.6886792452830188 374 0.20754716981132076 123 0.06825749167591565 64 0.03551609322974473 
831 1263 0.7008879023307436 352 0.195338512763596 82 0.04550499445061043 105 0.058268590455049944 
975 1257 0.697558268590455 266 0.14761376248612654 128 0.07103218645948946 151 0.08379578246392896 
981 1253 0.695338512763596 269 0.1492785793562708 128 0.07103218645948946 152 0.08435072142064373 
1055 1184 0.6570477247502775 338 0.18756936736958935 123 0.06825749167591565 157 0.08712541620421754 
946 1173 0.6509433962264151 385 0.21365149833518313 171 0.0948945615982242 73 0.04051054384017758 
1184 1054 0.5849056603773585 463 0.25693673695893454 134 0.07436182019977802 151 0.08379578246392896 
766 1313 0.7286348501664817 288 0.1598224195338513 125 0.06936736958934517 76 0.042175360710321866 
798 1258 0.6981132075471698 359 0.19922308546059933 116 0.06437291897891231 69 0.03829078801331853 
908 1260 0.6992230854605993 262 0.1453940066592675 194 0.1076581576026637 86 0.04772475027746948 
1037 1186 0.658157602663707 346 0.19200887902330743 119 0.0660377358490566 151 0.08379578246392896 
1125 981 0.5443951165371809 605 0.3357380688124306 128 0.07103218645948946 88 0.048834628190899 
956 1266 0.7025527192008879 267 0.14816870144284128 118 0.06548279689234185 151 0.08379578246392896 
1031 1184 0.6570477247502775 356 0.19755826859045506 111 0.061598224195338516 151 0.08379578246392896 
959 1268 0.7036625971143174 260 0.14428412874583796 123 0.06825749167591565 151 0.08379578246392896 
914 1277 0.7086570477247502 266 0.14761376248612654 129 0.07158712541620421 130 0.07214206437291898 
1068 1165 0.646503884572697 357 0.19811320754716982 129 0.07158712541620421 151 0.08379578246392896 
990 1244 0.6903440621531631 277 0.1537180910099889 130 0.07214206437291898 151 0.08379578246392896 
1011 1203 0.6679622431982232 308 0.17101610216546362 167 0.09272626318711827 123 0.06829539144919489 
1036 1169 0.6490838423098279 379 0.21043864519711272 102 0.056635202665186006 151 0.0838423098278734 
1178 999 0.5546918378678511 577 0.3203775680177679 74 0.041088284286507494 151 0.0838423098278734 
1205 1135 0.6302054414214325 290 0.16102165463631316 213 0.11826762909494726 163 0.09050527484730705 
947 1256 0.6973903387007219 270 0.14991671293725709 148 0.08217656857301499 127 0.07051637978900611 
1013 1161 0.6446418656302054 360 0.19988895058300943 187 0.10383120488617435 93 0.051637978900610775 
1177 1132 0.6285397001665741 231 0.12826207662409772 368 0.20433092726263188 70 0.03886729594669628 
960 1255 0.6968350916157691 262 0.14547473625763466 154 0.08550805108273181 130 0.07218212104386452 
1062 1157 0.6424208772903942 378 0.20988339811215992 114 0.06329816768461966 152 0.0843975569128262 
1094 1138 0.6318711826762909 383 0.21265963353692394 129 0.07162687395891172 151 0.0838423098278734 
883 1244 0.6907273736812882 293 0.16268739589117157 202 0.1121599111604664 62 0.034425319267073845 
1000 1214 0.674069961132704 321 0.1782343142698501 119 0.06607440310938367 147 0.08162132148806218 
991 1225 0.6801776790671848 241 0.13381454747362576 255 0.14158800666296503 80 0.04441976679622432 
1093 1156 0.6418656302054414 348 0.1932259855635758 146 0.08106607440310938 151 0.0838423098278734 
1050 1076 0.5974458634092171 475 0.2637423653525819 175 0.0971682398667407 75 0.0416435313714603 
1006 1151 0.6390893947806774 405 0.2248750694058856 134 0.07440310938367574 111 0.061632426429761245 
959 1140 0.6329816768461966 460 0.25541365907828983 104 0.05774569683509161 97 0.05385896724042199 
948 1269 0.7046085508051083 267 0.14825097168239867 114 0.06329816768461966 151 0.0838423098278734 
983 1267 0.7034980566352027 235 0.13048306496390893 149 0.08273181565796779 150 0.0832870627429206 
846 1242 0.6896168795113826 347 0.19267073847862298 137 0.07606885063853415 75 0.0416435313714603 
966 1255 0.6968350916157691 268 0.14880621876735148 136 0.07551360355358135 142 0.07884508606329817 
875 1238 0.6873958911715713 356 0.19766796224319821 102 0.056635202665186006 105 0.05830094392004442 
840 1274 0.7073847862298723 266 0.14769572459744587 209 0.11604664075513603 52 0.028872848417545807 
940 1266 0.7029428095502499 256 0.14214325374791784 153 0.084952803997779 126 0.0699611327040533 
1008 1260 0.6996113270405331 225 0.1249305941143809 165 0.09161576901721266 151 0.0838423098278734 
854 1192 0.6618545252637423 423 0.2348695169350361 127 0.07051637978900611 59 0.032759578012215435 
974 1254 0.6962798445308163 271 0.1504719600222099 125 0.0694058856191005 151 0.0838423098278734 
1385 851 0.4725152692948362 671 0.3725707940033315 123 0.06829539144919489 156 0.08661854525263743 
1049 1169 0.6490838423098279 366 0.20322043309272628 115 0.06385341476957246 151 0.0838423098278734 
1295 868 0.4819544697390339 686 0.38089950027762354 132 0.07329261521377013 115 0.06385341476957246 
972 1257 0.6979455857856747 267 0.14825097168239867 126 0.0699611327040533 151 0.0838423098278734 
965 1257 0.6979455857856747 265 0.14714047751249307 137 0.07606885063853415 142 0.07884508606329817 
957 1266 0.7029428095502499 264 0.14658523042754026 120 0.06662965019433648 151 0.0838423098278734 
839 1199 0.665741254858412 423 0.2348695169350361 121 0.06718489727928928 58 0.03220433092726263 
1035 1104 0.6129927817878956 412 0.22876179900055524 232 0.12881732370905052 53 0.029428095502498614 
859 1271 0.7057190449750139 316 0.17545807884508607 99 0.054969461410327596 115 0.06385341476957246 
1023 1247 0.6923931149361466 289 0.16046640755136035 61 0.03387007218212104 204 0.11327040533037201 
977 1250 0.694058856191005 274 0.1521377012770683 128 0.07107162687395892 149 0.08273181565796779 
866 1252 0.6951693503609107 290 0.16102165463631316 201 0.1116046640755136 58 0.03220433092726263 
1179 1062 0.5896724042198779 450 0.2498611882287618 138 0.07662409772348695 151 0.0838423098278734 
1066 1090 0.6052193225985564 475 0.2637423653525819 117 0.06496390893947807 119 0.06607440310938367 
1060 1195 0.6635202665186007 310 0.17212659633536925 138 0.07662409772348695 158 0.08772903942254304 
880 1227 0.6812881732370905 329 0.18267629094947252 184 0.10216546363131594 61 0.03387007218212104 
1003 1228 0.6818434203220433 295 0.16379789006107717 126 0.0699611327040533 152 0.0843975569128262 
887 1256 0.6973903387007219 288 0.15991116046640755 172 0.09550249861188229 85 0.04719600222098834 
1048 1166 0.6474181010549694 373 0.2071071626873959 111 0.061632426429761245 151 0.0838423098278734 
767 1287 0.7146029983342588 321 0.1782343142698501 133 0.07384786229872294 60 0.03331482509716824 
820 1276 0.7084952803997779 323 0.1793448084397557 109 0.06052193225985564 93 0.051637978900610775 
1022 1195 0.6635202665186007 341 0.18933925596890616 114 0.06329816768461966 151 0.0838423098278734 
943 1258 0.6985008328706275 267 0.14825097168239867 152 0.0843975569128262 124 0.06885063853414769 
866 1250 0.694058856191005 303 0.1682398667406996 181 0.10049972237645752 67 0.03720155469183787 
995 1227 0.6812881732370905 275 0.1526929483620211 177 0.0982787340366463 122 0.06774014436424208 
841 1264 0.7018323153803443 319 0.17712382009994448 132 0.07329261521377013 86 0.04775124930594114 
902 1260 0.6996113270405331 307 0.17046085508051081 107 0.05941143808995003 127 0.07051637978900611 
1224 1099 0.6102165463631316 258 0.14325374791782344 366 0.20322043309272628 78 0.043309272626318715 
938 1235 0.6857301499167129 287 0.15935591338145474 186 0.10327595780122155 93 0.051637978900610775 
918 1184 0.6574125485841199 407 0.22598556357579122 119 0.06607440310938367 91 0.05052748473070516 
922 1225 0.6801776790671848 338 0.18767351471404775 130 0.07218212104386452 108 0.059966685174902834 
873 1194 0.6629650194336479 402 0.2232093281510272 144 0.07995558023320377 61 0.03387007218212104 
973 1240 0.688506385341477 281 0.15602443087173792 148 0.08217656857301499 132 0.07329261521377013 
1037 1186 0.6585230427540255 344 0.19100499722376457 120 0.06662965019433648 151 0.0838423098278734 
1028 1220 0.6774014436424208 285 0.15824541921154914 145 0.08051082731815658 151 0.0838423098278734 
1505 651 0.3614658523042754 909 0.5047196002220988 127 0.07051637978900611 114 0.06329816768461966 
865 1237 0.6868406440866185 312 0.17323709050527486 203 0.11271515824541921 49 0.027207107162687396 
1223 1045 0.5802332037756802 440 0.24430871737923376 165 0.09161576901721266 151 0.0838423098278734 
1334 818 0.45419211549139366 754 0.41865630205441423 107 0.05941143808995003 122 0.06774014436424208 
974 1241 0.6890616324264298 293 0.16268739589117157 120 0.06662965019433648 147 0.08162132148806218 
875 1220 0.6774014436424208 342 0.18989450305385897 184 0.10216546363131594 55 0.03053858967240422 
1069 1119 0.6213214880621877 388 0.21543586896168795 201 0.1116046640755136 93 0.051637978900610775 
931 1256 0.6973903387007219 310 0.17212659633536925 84 0.046640755136035536 151 0.0838423098278734 
768 1254 0.6962798445308163 392 0.21765685730149917 89 0.049416990560799554 66 0.036646307606885066 
919 1238 0.6873958911715713 284 0.15769017212659633 202 0.1121599111604664 77 0.042754025541365905 
903 1276 0.7084952803997779 269 0.14936146585230428 134 0.07440310938367574 122 0.06774014436424208 
979 1244 0.6907273736812882 291 0.16157690172126596 110 0.06107717934480844 156 0.08661854525263743 
872 1263 0.7012770682953915 321 0.1782343142698501 100 0.0555247084952804 117 0.06496390893947807 
1717 539 0.29927817878956137 859 0.47695724597445865 351 0.1948917268184342 52 0.028872848417545807 
964 1249 0.6935036091060522 269 0.14936146585230428 154 0.08550805108273181 129 0.07162687395891172 
1058 1225 0.6801776790671848 245 0.13603553581343697 180 0.09994447529150471 151 0.0838423098278734 
1021 1227 0.6812881732370905 278 0.1543586896168795 145 0.08051082731815658 151 0.0838423098278734 
1243 888 0.49305941143808996 657 0.36479733481399224 182 0.10105496946141032 74 0.041088284286507494 
990 1245 0.691282620766241 265 0.14714047751249307 148 0.08217656857301499 143 0.07940033314825097 
965 1156 0.6418656302054414 421 0.23375902276513047 128 0.07107162687395892 96 0.053303720155469185 
1001 1239 0.6879511382565242 274 0.1521377012770683 137 0.07606885063853415 151 0.0838423098278734 
817 1262 0.7007218212104387 334 0.18545252637423654 132 0.07329261521377013 73 0.04053303720155469 
892 1253 0.6957245974458635 300 0.1665741254858412 152 0.0843975569128262 96 0.053303720155469185 
986 1234 0.6851749028317601 299 0.1660188784008884 117 0.06496390893947807 151 0.0838423098278734 
959 1257 0.6979455857856747 280 0.15546918378678512 113 0.06274292059966685 151 0.0838423098278734 
1462 651 0.3614658523042754 925 0.5136035535813437 138 0.07662409772348695 87 0.04830649639089395 
934 1283 0.7123820099944476 253 0.1404775124930594 114 0.06329816768461966 151 0.0838423098278734 
1189 926 0.5141588006662965 647 0.3592448639644642 142 0.07884508606329817 86 0.04775124930594114 
956 1262 0.7007218212104387 273 0.1515824541921155 115 0.06385341476957246 151 0.0838423098278734 
1132 1144 0.6352026651860078 333 0.18489727928928373 173 0.09605774569683509 151 0.0838423098278734 
907 1283 0.7123820099944476 262 0.14547473625763466 123 0.06829539144919489 133 0.07384786229872294 
751 1322 0.7340366463076069 281 0.15602443087173792 124 0.06885063853414769 74 0.041088284286507494 
793 1267 0.7034980566352027 341 0.18933925596890616 127 0.07051637978900611 66 0.036646307606885066 
998 1245 0.691282620766241 265 0.14714047751249307 140 0.07773459189339256 151 0.0838423098278734 
1155 1087 0.603553581343698 424 0.2354247640199889 139 0.07717934480843976 151 0.0838423098278734 
1038 1182 0.6563020544142143 308 0.17101610216546362 203 0.11271515824541921 108 0.059966685174902834 
961 1253 0.6957245974458635 283 0.15713492504164353 117 0.06496390893947807 148 0.08217656857301499 
987 1241 0.6890616324264298 282 0.15657967795669073 129 0.07162687395891172 149 0.08273181565796779 
957 1266 0.7029428095502499 264 0.14658523042754026 120 0.06662965019433648 151 0.0838423098278734 
849 1262 0.7007218212104387 304 0.1687951138256524 160 0.08883953359244864 75 0.0416435313714603 
994 1274 0.7073847862298723 261 0.14491948917268185 65 0.03609106052193226 201 0.1116046640755136 
1019 1147 0.6368684064408662 395 0.21932259855635758 153 0.084952803997779 106 0.05885619100499723 
1070 1128 0.6263187118267629 425 0.2359800111049417 99 0.054969461410327596 149 0.08273181565796779 
966 1262 0.7007218212104387 263 0.14602998334258746 125 0.0694058856191005 151 0.0838423098278734 
1391 843 0.46807329261521374 680 0.3775680177679067 123 0.06829539144919489 155 0.08606329816768463 
953 1261 0.7001665741254859 260 0.14436424208772905 147 0.08162132148806218 133 0.07384786229872294 
920 1154 0.6407551360355358 452 0.2509716823986674 117 0.06496390893947807 78 0.043309272626318715 
883 1262 0.7007218212104387 278 0.1543586896168795 178 0.09883398112159911 83 0.04608550805108273 
925 1249 0.6935036091060522 321 0.1782343142698501 89 0.049416990560799554 142 0.07884508606329817 
1236 1163 0.645752359800111 170 0.09439200444197668 338 0.18767351471404775 130 0.07218212104386452 
1015 1225 0.6801776790671848 289 0.16046640755136035 135 0.07495835646862854 152 0.0843975569128262 
1006 1256 0.6973903387007219 267 0.14825097168239867 95 0.05274847307051638 183 0.10161021654636314 
748 1317 0.7312604108828429 276 0.1532481954469739 152 0.0843975569128262 56 0.031093836757357024 
894 1272 0.7062742920599667 315 0.17490283176013327 63 0.03498056635202665 151 0.0838423098278734 
938 1281 0.711271515824542 245 0.13603553581343697 132 0.07329261521377013 143 0.07940033314825097 
1233 881 0.48917268184342033 678 0.3764575235980011 171 0.09494725152692948 71 0.039422543031649084 
959 1257 0.6979455857856747 278 0.1543586896168795 117 0.06496390893947807 149 0.08273181565796779 
1052 1169 0.6490838423098279 355 0.1971127151582454 134 0.07440310938367574 143 0.07940033314825097 
976 1238 0.6873958911715713 301 0.167129372570794 111 0.061632426429761245 151 0.0838423098278734 
1062 1171 0.6501943364797335 284 0.15769017212659633 260 0.14436424208772905 86 0.04775124930594114 
1059 1224 0.679622431982232 203 0.11271515824541921 266 0.14769572459744587 108 0.059966685174902834 
982 1237 0.6868406440866185 297 0.16490838423098278 116 0.06440866185452526 151 0.0838423098278734 
979 1162 0.6451971127151582 371 0.2059966685174903 196 0.10882842865074958 72 0.03997779011660189 
960 1248 0.6929483620210994 280 0.15546918378678512 139 0.07717934480843976 134 0.07440310938367574 
1005 1078 0.5985563575791227 501 0.2781787895613548 162 0.08995002776235425 60 0.03331482509716824 
889 1257 0.6979455857856747 319 0.17712382009994448 105 0.05830094392004442 120 0.06662965019433648 
942 1275 0.7079400333148251 261 0.14491948917268185 114 0.06329816768461966 151 0.0838423098278734 
1363 860 0.47751249305941146 663 0.36812881732370906 134 0.07440310938367574 144 0.07995558023320377 
899 1249 0.6935036091060522 272 0.1510272071071627 213 0.11826762909494726 67 0.03720155469183787 
1011 1169 0.6490838423098279 404 0.2243198223209328 77 0.042754025541365905 151 0.0838423098278734 
864 1258 0.6985008328706275 346 0.19211549139367018 73 0.04053303720155469 124 0.06885063853414769 
993 1222 0.6785119378123264 314 0.17434758467518047 116 0.06440866185452526 149 0.08273181565796779 
934 1253 0.6957245974458635 313 0.17379233759022766 84 0.046640755136035536 151 0.0838423098278734 
1103 994 0.5519156024430871 552 0.3064963908939478 214 0.11882287617990006 41 0.022765130483064965 
1216 1121 0.6224319822320933 204 0.11327040533037201 416 0.23098278734036645 60 0.03331482509716824 
967 1273 0.7068295391449195 235 0.13048306496390893 147 0.08162132148806218 146 0.08106607440310938 
1094 1096 0.6085508051082732 419 0.23264852859522486 183 0.10161021654636314 103 0.05719044975013881 
972 1247 0.6923931149361466 280 0.15546918378678512 130 0.07218212104386452 144 0.07995558023320377 
1032 1189 0.6601887840088839 287 0.15935591338145474 230 0.12770682953914492 95 0.05274847307051638 
1072 1162 0.6451971127151582 357 0.19822320932815102 131 0.07273736812881733 151 0.0838423098278734 
1361 844 0.46862853970016655 662 0.36757357023875625 186 0.10327595780122155 109 0.06052193225985564 
1133 1072 0.5952248750694059 434 0.24097723486951694 186 0.10327595780122155 109 0.06052193225985564 
946 1270 0.7051637978900611 267 0.14825097168239867 113 0.06274292059966685 151 0.0838423098278734 
1012 1162 0.6451971127151582 396 0.21987784564131038 113 0.06274292059966685 130 0.07218212104386452 
997 1250 0.694058856191005 256 0.14214325374791784 144 0.07995558023320377 151 0.0838423098278734 
1038 1195 0.6635202665186007 325 0.1804553026096613 130 0.07218212104386452 151 0.0838423098278734 
1085 1154 0.6407551360355358 353 0.1960022209883398 150 0.0832870627429206 144 0.07995558023320377 
1252 841 0.46696279844530814 788 0.43753470294280955 52 0.028872848417545807 120 0.06662965019433648 
1071 1178 0.6540810660744031 318 0.17656857301499168 162 0.08995002776235425 143 0.07940033314825097 
1039 1220 0.6774014436424208 275 0.1526929483620211 154 0.08550805108273181 152 0.0843975569128262 
1086 1148 0.637423653525819 371 0.2059966685174903 131 0.07273736812881733 151 0.0838423098278734 
954 1170 0.6496390893947807 379 0.21043864519711272 181 0.10049972237645752 71 0.039422543031649084 
1163 1009 0.5602443087173792 544 0.3020544142143254 125 0.0694058856191005 123 0.06829539144919489 
1011 1224 0.679622431982232 294 0.16324264297612437 132 0.07329261521377013 151 0.0838423098278734 
1388 772 0.4286507495835647 777 0.4314269850083287 145 0.08051082731815658 107 0.05941143808995003 
1375 1170 0.6496390893947807 209 0.11604664075513603 100 0.0555247084952804 322 0.1787895613548029 
1036 1186 0.6585230427540255 345 0.19156024430871738 119 0.06607440310938367 151 0.0838423098278734 
933 1293 0.7179344808439756 234 0.12992781787895613 123 0.06829539144919489 151 0.0838423098278734 
980 1248 0.6929483620210994 269 0.14936146585230428 141 0.07828983897834536 143 0.07940033314825097 
976 1265 0.7023875624652971 247 0.13714602998334258 138 0.07662409772348695 151 0.0838423098278734 
1118 1110 0.6163242642976124 365 0.20266518600777345 225 0.1249305941143809 101 0.0560799555802332 
923 1280 0.7107162687395892 270 0.14991671293725709 100 0.0555247084952804 151 0.0838423098278734 
1035 1224 0.679622431982232 270 0.14991671293725709 156 0.08661854525263743 151 0.0838423098278734 
1087 1089 0.6046640755136036 402 0.2232093281510272 245 0.13603553581343697 65 0.03609106052193226 
937 1276 0.7084952803997779 247 0.13714602998334258 144 0.07995558023320377 134 0.07440310938367574 
1054 1175 0.6524153248195447 349 0.1937812326485286 126 0.0699611327040533 151 0.0838423098278734 
970 1173 0.6513048306496391 359 0.19933370349805662 196 0.10882842865074958 73 0.04053303720155469 
1465 803 0.4458634092171016 651 0.3614658523042754 227 0.1260410882842865 120 0.06662965019433648 
1020 1233 0.6846196557468073 267 0.14825097168239867 150 0.0832870627429206 151 0.0838423098278734 
966 1210 0.6718489727928928 298 0.16546363131593558 211 0.11715713492504164 82 0.04553026096612993 
1025 1196 0.6640755136035535 336 0.18656302054414214 118 0.06551915602443087 151 0.0838423098278734 
1356 880 0.48861743475846753 625 0.3470294280955025 157 0.08717379233759023 139 0.07717934480843976 
953 1247 0.6923931149361466 274 0.1521377012770683 161 0.08939478067740145 119 0.06607440310938367 
986 1218 0.6762909494725152 293 0.16268739589117157 177 0.0982787340366463 113 0.06274292059966685 
991 1232 0.6840644086618545 298 0.16546363131593558 120 0.06662965019433648 151 0.0838423098278734 
877 1283 0.7123820099944476 249 0.13825652415324818 179 0.09938922820655191 90 0.04997223764575236 
942 1279 0.7101610216546363 250 0.138811771238201 124 0.06885063853414769 148 0.08217656857301499 
939 1280 0.7107162687395892 256 0.14214325374791784 112 0.06218767351471405 153 0.084952803997779 
716 1335 0.7412548584119933 275 0.1526929483620211 132 0.07329261521377013 59 0.032759578012215435 
1304 1133 0.6290949472515269 196 0.10882842865074958 308 0.17101610216546362 164 0.09106052193225986 
1365 874 0.4852859522487507 644 0.3575791227096058 128 0.07107162687395892 155 0.08606329816768463 
828 1254 0.6962798445308163 331 0.18378678511937813 151 0.0838423098278734 65 0.03609106052193226 
1342 888 0.49305941143808996 635 0.35258189894503056 127 0.07051637978900611 151 0.0838423098278734 
825 1254 0.6962798445308163 355 0.1971127151582454 106 0.05885619100499723 86 0.04775124930594114 
827 1269 0.7046085508051083 337 0.18711826762909495 95 0.05274847307051638 100 0.0555247084952804 
1018 1204 0.668517490283176 319 0.17712382009994448 135 0.07495835646862854 143 0.07940033314825097 
942 1233 0.6846196557468073 297 0.16490838423098278 168 0.09328151027207107 103 0.05719044975013881 
793 1299 0.7212659633536924 277 0.1538034425319267 159 0.08828428650749584 66 0.036646307606885066 
960 1200 0.6662965019433648 304 0.1687951138256524 235 0.13048306496390893 62 0.034425319267073845 
873 1271 0.7057190449750139 263 0.14602998334258746 191 0.10605219322598557 76 0.0421987784564131 
1344 876 0.4863964464186563 656 0.36424208772903943 119 0.06607440310938367 150 0.0832870627429206 
824 1177 0.6535258189894503 467 0.25930038867295946 114 0.06329816768461966 43 0.02387562465297057 
1053 1171 0.6501943364797335 358 0.19877845641310382 121 0.06718489727928928 151 0.0838423098278734 
1328 870 0.4830649639089395 685 0.38034425319267073 95 0.05274847307051638 151 0.0838423098278734 
970 1240 0.688506385341477 303 0.1682398667406996 107 0.05941143808995003 151 0.0838423098278734 
1010 1098 0.6096612992781788 484 0.2687395891171571 131 0.07273736812881733 88 0.04886174347584675 
974 1247 0.6923931149361466 287 0.15935591338145474 114 0.06329816768461966 153 0.084952803997779 
932 1234 0.6851749028317601 293 0.16268739589117157 183 0.10161021654636314 91 0.05052748473070516 
