ranked by loss:

best individual:
716.0 1335.0 0.7412548584119933 275.0 0.1526929483620211 132.0 0.07329261521377013 59.0 0.032759578012215435 
worst individual:
1717.0 539.0 0.29927817878956137 859.0 0.47695724597445865 351.0 0.1948917268184342 52.0 0.028872848417545807 
median individual:
998.0 1228.0 0.6807095343680709 294.0 0.1629711751662971 142.0 0.0787139689578714 140.0 0.07760532150776053 
average result:
1022.136 0.6516796924046943 0.19833419848283734 0.08113538457893395 0.06885072453353476 


ranked by action0_accuracy:

best individual:
716.0 1335.0 0.7412548584119933 275.0 0.1526929483620211 132.0 0.07329261521377013 59.0 0.032759578012215435 
worst individual:
1717.0 539.0 0.29927817878956137 859.0 0.47695724597445865 351.0 0.1948917268184342 52.0 0.028872848417545807 
median individual:
1010.0 1218.0 0.6751662971175166 313.0 0.17350332594235032 122.0 0.06762749445676275 151.0 0.0837028824833703 
average result:
1022.136 0.6516796924046943 0.19833419848283734 0.08113538457893395 0.06885072453353476 

standard deviation:
136.87624156149232 